year,month,day,sales1,sales2,sales3,sales4,sales5,publicity_costs,costs
2014,12,13,57919,90569,17222,70596,84546,32781,79668
2014,12,14,21536,79912,83878,36890,80354,18311,18289
2014,12,15,44244,31231,77637,75415,75704,39998,66681
2014,12,16,45278,63786,59445,2656,26675,46528,46716
2014,12,17,3323,66101,97713,77594,73021,14935,38189
2014,12,18,57566,47715,97857,95454,43978,48086,8695
2014,12,19,24332,82749,76983,84927,30331,20972,60342
2014,12,20,6034,10969,63374,67663,74754,22818,36671
2014,12,21,1429,19345,93386,4751,1798,7450,72344
2014,12,22,74818,22384,46885,48736,86451,44741,44189
2014,12,23,30428,59178,92883,71111,41926,19866,36038
2014,12,24,72256,57189,32731,94642,68157,46104,48656
2014,12,25,42911,18921,65326,60691,54618,25063,21793
2014,12,26,56415,82513,80489,47584,21248,27373,26319
2014,12,27,7698,72113,56859,38126,31290,49742,79236
2014,12,28,89568,35959,81625,78175,93147,14355,9168
2014,12,29,61303,10458,67824,20565,45731,49501,41255
2014,12,30,348,24564,63048,73114,23428,43536,40697
2014,12,31,44675,87260,17016,52373,59372,23874,56850
2015,1,1,7013,39967,32437,12932,92277,14062,77459
2015,1,2,85423,44768,96626,63078,71578,30801,73642
2015,1,3,33660,30302,81249,34007,71217,10648,3472
2015,1,4,94644,20535,44168,55670,7794,27535,4394
2015,1,5,83517,67761,31243,6881,24079,13680,49813
2015,1,6,16356,94093,27271,18130,38860,40248,71207
2015,1,7,26789,21049,81201,60448,51350,28801,806
2015,1,8,38918,39448,34277,33561,59982,44797,39230
2015,1,9,84127,88683,13624,67643,56443,11218,24523
2015,1,10,96874,24897,10687,13229,35341,4309,51358
2015,1,11,90553,10909,28917,17341,31957,26469,87789
2015,1,12,99658,5269,4946,38575,44716,39223,48487
2015,1,13,21049,50371,77716,5175,39053,7691,69169
2015,1,14,11848,85261,80043,8721,26509,7082,88301
2015,1,15,61850,61390,86010,52402,88650,31278,16094
2015,1,16,20606,57746,80234,20263,63014,35180,15189
2015,1,17,24081,40754,63675,61481,91124,7743,43007
2015,1,18,46528,65433,72175,58375,50693,18570,83447
2015,1,19,93554,75651,38099,55403,53392,40461,74156
2015,1,20,42042,71738,10249,78999,45836,6835,89262
2015,1,21,8849,92014,90802,49282,49119,4477,7114
2015,1,22,56594,12219,10121,3121,94003,48647,37848
2015,1,23,61048,67216,77646,54601,42866,32097,60003
2015,1,24,12610,72557,50510,54651,44294,27110,40001
2015,1,25,90129,83944,65614,15330,92309,6416,963
2015,1,26,41427,10892,8076,14372,39462,18196,63845
2015,1,27,33464,16843,28044,94511,410,5689,49111
2015,1,28,43276,37785,75465,72237,26693,25974,13239
2015,1,29,70987,3084,93239,77467,3379,8853,39148
2015,1,30,95688,15268,6462,53466,42511,14538,87838
2015,1,31,81972,49085,1682,15435,82279,29725,26298
2015,2,1,82689,51765,91760,42316,5902,17225,24552
2015,2,2,32594,9550,57790,19932,28985,17380,73751
2015,2,3,32364,42584,22898,44403,57851,29360,7868
2015,2,4,16713,60249,82057,98684,9333,90,30471
2015,2,5,91612,46166,73120,90652,97931,14879,12967
2015,2,6,20184,48455,47518,69129,58005,21659,59061
2015,2,7,3341,5390,19163,35704,47974,42060,16458
2015,2,8,22176,87771,94326,38889,64371,42734,3924
2015,2,9,73704,92824,746,81667,55341,23865,28670
2015,2,10,69623,38744,21636,89806,87198,35505,28935
2015,2,11,61554,23515,64347,64895,28904,33509,26950
2015,2,12,76877,41920,13408,99053,46043,24085,4293
2015,2,13,10413,33170,8216,468,25993,8962,8486
2015,2,14,81334,99178,87155,50956,37921,8790,77114
2015,2,15,41471,94294,16048,19376,17808,46746,40622
2015,2,16,63064,80254,17572,39940,22173,47331,85344
2015,2,17,68215,87767,25988,94980,20936,34204,25447
2015,2,18,63281,59517,93933,60966,58694,31087,21921
2015,2,19,12967,6229,85386,70789,16874,17785,40164
2015,2,20,51034,14530,90786,14097,94783,24709,40388
2015,2,21,33308,88391,42084,17874,92509,18071,52853
2015,2,22,13444,18626,8300,93076,78142,18584,74041
2015,2,23,53188,16022,82314,82506,22250,17699,73294
2015,2,24,55476,85484,43457,6509,13,594,36957
2015,2,25,11148,75302,7344,44455,80044,49427,78680
2015,2,26,72552,33850,91533,2348,52475,16184,75423
2015,2,27,46969,34767,65816,16508,67140,48129,79013
2015,2,28,5742,32179,52306,61217,34014,12114,57725
2015,3,1,50379,62708,4681,61526,54361,28376,82332
2015,3,2,34405,94155,1011,6956,28004,8895,35655
2015,3,3,96830,25078,21078,43798,76196,3245,80305
2015,3,4,59688,51373,75669,65429,99903,27974,6645
2015,3,5,33917,56440,10721,84295,19147,31753,52172
2015,3,6,89859,60128,84503,24263,70634,1865,47571
2015,3,7,14989,27112,73225,11819,52189,10654,15616
2015,3,8,44737,13898,32273,4424,81622,24293,16204
2015,3,9,97877,52267,12848,31793,25058,39920,62439
2015,3,10,60556,71672,94610,50414,48151,45464,11029
2015,3,11,35137,13680,38599,50125,40791,28175,81943
2015,3,12,9332,55181,33911,70420,85430,32535,31195
2015,3,13,83404,6827,77398,81280,75445,6597,83072
2015,3,14,502,46516,61862,61057,34539,22823,1471
2015,3,15,99041,68286,18851,34177,98317,23801,54302
2015,3,16,39108,18327,46244,64791,73507,30154,45210
2015,3,17,75289,62688,42756,58692,85867,20153,59971
2015,3,18,61311,26749,69394,61813,89616,31255,42869
2015,3,19,24154,4077,50691,23194,88714,19541,87371
2015,3,20,87030,59693,58024,42489,78020,4267,63631
2015,3,21,51526,773,75192,26814,79812,17947,45505
2015,3,22,65678,38099,41827,26989,81199,11220,88801
2015,3,23,87166,58826,28021,11319,79254,45064,30865
2015,3,24,67967,80956,24587,71349,40649,32610,50189
2015,3,25,18668,86876,53820,86545,4000,29011,23359
2015,3,26,83812,63310,15215,49489,17760,23394,66477
2015,3,27,15311,84613,81629,2476,59791,9650,73795
2015,3,28,39044,4713,81011,23363,85668,5597,4711
2015,3,29,42668,4558,24899,61335,7785,45070,77880
2015,3,30,11785,40433,77590,95596,3742,9156,85084
2015,3,31,21501,82549,37913,36811,83514,19541,49287
2015,4,1,43304,45542,69433,98699,50254,443,42061
2015,4,2,52274,72391,16771,94941,76948,8022,2628
2015,4,3,84732,53091,20507,12868,93523,14448,48463
2015,4,4,13616,23603,69899,51469,22504,24163,58279
2015,4,5,6017,43703,43917,65672,89245,29701,722
2015,4,6,55850,80143,2783,24475,68885,35905,85768
2015,4,7,45832,10278,8395,46916,79721,45253,29783
2015,4,8,89595,59700,84598,3211,99654,20848,54679
2015,4,9,22157,95010,59309,44525,55064,3226,86548
2015,4,10,44308,32926,7270,16510,29421,10052,70984
2015,4,11,98305,62308,76751,60489,72586,1497,83756
2015,4,12,52306,46749,99890,41900,22800,34487,25110
2015,4,13,22454,55334,16140,60962,66695,25449,45487
2015,4,14,21759,95026,32034,66066,44303,39303,88927
2015,4,15,73723,65706,39911,88380,28014,33013,85220
2015,4,16,599,34510,88975,69256,81258,38864,71155
2015,4,17,4058,89703,72617,42863,61388,38756,176
2015,4,18,28083,80556,25662,49841,75581,24048,72258
2015,4,19,19884,29702,31185,9958,11760,21095,24689
2015,4,20,39773,20459,96260,56723,54968,35234,62330
2015,4,21,52578,90450,53484,72987,96504,42452,35849
2015,4,22,57891,47560,36024,85973,28115,28038,85813
2015,4,23,20048,68437,68071,56283,98138,49255,72592
2015,4,24,9897,86701,97281,66021,7159,9892,9095
2015,4,25,78479,95126,81424,31056,1927,1260,74042
2015,4,26,98430,93711,36242,56320,57622,38617,58645
2015,4,27,85737,83006,94457,22136,51442,28879,68418
2015,4,28,65932,78133,61009,92180,81185,24641,28201
2015,4,29,4696,84533,13647,83174,96010,45071,70581
2015,4,30,97936,62682,34622,12717,72744,37215,5388
2015,5,1,30366,92183,44032,32454,75189,4841,24589
2015,5,2,26630,33719,33006,8913,28204,44014,11093
2015,5,3,9388,85007,75645,14083,69539,39291,63608
2015,5,4,65548,713,44188,79835,63394,45161,68903
2015,5,5,36138,82375,94290,66503,74558,4674,75308
2015,5,6,66098,9514,69896,92727,43232,2901,37992
2015,5,7,71435,13266,19084,97175,98272,44728,67609
2015,5,8,67810,84018,41217,49709,84731,1756,65895
2015,5,9,64476,96917,54797,613,95643,15439,3467
2015,5,10,86552,20112,15126,52649,45977,35021,21728
2015,5,11,89208,87921,79719,76995,17539,48802,44169
2015,5,12,15810,9881,18129,99972,10250,25697,29680
2015,5,13,94980,77453,11927,75808,90721,16723,72772
2015,5,14,86363,48513,92591,89267,68624,7716,1915
2015,5,15,14600,92737,19994,20160,97009,49712,73506
2015,5,16,14547,14865,4026,30357,24745,22154,60328
2015,5,17,34995,97851,96359,46326,91655,24637,32133
2015,5,18,82375,91360,14905,85089,56224,23847,14355
2015,5,19,41200,31562,16270,72151,24298,36263,52310
2015,5,20,21307,52327,22167,35853,67191,26192,2561
2015,5,21,8288,48346,29240,59634,62548,41951,55959
2015,5,22,54202,66587,44444,52928,74298,25700,38016
2015,5,23,30522,99546,12371,71721,31107,44992,83871
2015,5,24,71757,97606,52533,9415,66284,24699,11619
2015,5,25,49827,891,44180,58114,65588,23419,17747
2015,5,26,44487,15369,40057,98688,81956,34500,57967
2015,5,27,72605,60199,5982,3126,76096,34704,1198
2015,5,28,23555,79695,35069,95311,93653,37601,41077
2015,5,29,59936,78651,82695,9762,79541,26874,64227
2015,5,30,61480,16645,1973,5966,48365,42030,21005
2015,5,31,46672,42881,88971,19277,19432,44953,48754
2015,6,1,95527,29656,29952,35433,25703,15020,87095
2015,6,2,35707,68972,68171,95642,47622,17218,61756
2015,6,3,27163,10443,5982,4994,27087,7955,30960
2015,6,4,91804,66336,31964,38475,25568,20935,7751
2015,6,5,44999,32239,96505,56878,78246,42808,28662
2015,6,6,20300,7827,55757,56006,76798,40279,41648
2015,6,7,40771,7496,73403,84285,17939,45736,49279
2015,6,8,61377,20042,238,53180,2729,48553,81655
2015,6,9,28297,85839,65757,89647,34429,28613,62876
2015,6,10,12675,21420,71538,32974,45598,43646,35332
2015,6,11,38747,83924,56979,79518,91420,46733,43802
2015,6,12,25710,58820,69432,87086,78862,19669,16618
2015,6,13,81590,34574,64624,9886,36764,30380,79533
2015,6,14,71193,25345,78760,219,46764,297,59544
2015,6,15,8714,93942,54875,47460,94218,28205,16977
2015,6,16,1989,91289,7131,27698,50109,26562,51135
2015,6,17,28970,62583,4104,10559,13508,18727,6797
2015,6,18,50271,99107,52681,21463,40803,31440,88033
2015,6,19,3918,98089,87577,12631,92030,8803,20091
2015,6,20,2599,87008,3419,4587,78296,26901,38636
2015,6,21,28404,3463,79771,73725,82397,226,14284
2015,6,22,95904,68953,37432,46174,84411,40112,73989
2015,6,23,25213,21551,22021,29130,19639,25949,41761
2015,6,24,28021,84752,18203,30619,71759,21621,1558
2015,6,25,66406,64874,193,94810,68336,29963,24886
2015,6,26,50732,80189,85521,62987,65493,22952,69160
2015,6,27,49903,13063,9500,91467,50966,31521,596
2015,6,28,86956,73821,78708,14976,58572,46910,51947
2015,6,29,30330,34883,13504,13088,99756,13696,14249
2015,6,30,84443,10011,9134,51526,6551,44655,64512
2015,7,1,72043,17606,40023,38297,47021,49523,69763
2015,7,2,97986,97395,66710,84941,71215,45418,66269
2015,7,3,46139,58679,94567,92820,9913,24422,85907
2015,7,4,9668,38117,30155,10462,64479,39289,71987
2015,7,5,87381,33943,92850,75775,67900,49225,74071
2015,7,6,14920,98747,60185,12905,12493,26895,44198
2015,7,7,59,72312,30466,62549,47342,41384,85369
2015,7,8,57255,65805,61275,83274,20273,41430,63736
2015,7,9,1104,47070,72074,88484,97364,14924,50611
2015,7,10,65263,14148,94681,96535,29246,21218,29439
2015,7,11,58090,98112,39988,74500,86775,36805,67049
2015,7,12,50468,28188,92417,7722,93992,20043,50996
2015,7,13,14265,77824,84731,31720,24893,23156,60203
2015,7,14,22256,54431,813,3871,68578,11846,405
2015,7,15,14175,99415,26195,88616,97526,16183,19468
2015,7,16,652,52987,16516,67471,81175,25284,35193
2015,7,17,91518,11678,66188,22134,89502,17270,73853
2015,7,18,30746,56777,90408,69354,11208,41220,43224
2015,7,19,96137,19417,89980,10312,18831,16174,35279
2015,7,20,32708,82356,94746,49711,51695,27613,7182
2015,7,21,49221,69248,92374,40738,80926,24913,79224
2015,7,22,86779,58534,33076,17524,15310,23483,16877
2015,7,23,26517,31055,76452,22654,66823,16431,29317
2015,7,24,85654,82605,80947,34713,81312,42045,54424
2015,7,25,49358,19657,1605,98578,5257,10330,85668
2015,7,26,86182,1594,34891,89312,76479,17966,56835
2015,7,27,91788,7801,10064,34657,55207,36515,33662
2015,7,28,22029,52946,39330,24034,51902,20276,28747
2015,7,29,49565,28672,43170,98923,48329,11126,87500
2015,7,30,69937,87807,53167,72470,89400,4409,21781
2015,7,31,65878,72375,84967,74017,96527,45030,15025
2015,8,1,51733,97897,98686,90113,67194,4367,24147
2015,8,2,19095,90995,72893,68659,19666,32414,87581
2015,8,3,84346,93539,81433,54282,81345,951,66751
2015,8,4,87096,55360,4883,69325,44086,39850,13341
2015,8,5,40612,1231,68366,8696,99127,33403,18808
2015,8,6,66320,37770,12954,1766,45116,2198,40425
2015,8,7,64781,34611,54357,65479,28149,2141,19760
2015,8,8,25845,3092,62863,12940,58451,17745,8616
2015,8,9,2536,57594,41957,59499,75177,26674,28194
2015,8,10,74303,26428,83353,56975,80549,12659,28740
2015,8,11,25664,14856,45516,90445,49467,49873,75923
2015,8,12,93967,52013,92034,19812,55104,4896,69103
2015,8,13,29906,38993,47719,32441,12938,6027,8291
2015,8,14,88114,49052,76484,62417,75479,26189,55743
2015,8,15,56028,88847,94482,81691,3702,39998,78487
2015,8,16,53168,56222,60761,47135,8234,2795,83298
2015,8,17,79690,24042,48752,25947,63034,46470,44740
2015,8,18,75972,18848,83030,64085,67899,25866,52853
2015,8,19,43378,52054,78595,99405,40900,39429,67447
2015,8,20,60953,29426,85934,30473,85647,46694,3959
2015,8,21,10232,15840,77256,6273,39882,26007,72220
2015,8,22,19267,38829,6959,11590,57676,39988,62027
2015,8,23,25575,65853,34879,85304,17906,29826,14708
2015,8,24,75157,19254,82154,36110,48679,34439,76582
2015,8,25,50677,47485,60540,60908,63324,4147,37181
2015,8,26,19557,80153,99400,55176,35333,6358,36765
2015,8,27,93009,12697,58791,34935,78550,43670,238
2015,8,28,12807,39847,21297,87964,59100,19802,50425
2015,8,29,24130,4241,7006,74806,68077,33897,2065
2015,8,30,31400,38043,35597,67309,34547,1348,82484
2015,8,31,69880,74057,89248,79240,86754,48039,34174
2015,9,1,81655,58060,50763,94461,14258,22059,8776
2015,9,2,73357,91860,39200,13838,12452,12557,4995
2015,9,3,80528,62805,57059,28280,17199,9008,85588
2015,9,4,51746,60355,34423,37977,50764,23670,13568
2015,9,5,53869,88060,64093,35523,62471,14855,16335
2015,9,6,76728,3265,45111,66436,11476,662,76625
2015,9,7,23928,79571,1619,20807,42375,25030,69086
2015,9,8,59574,84037,61025,27671,60743,45447,21999
2015,9,9,11506,35469,15566,65374,39880,46010,17248
2015,9,10,18703,10864,63583,95430,30480,25045,68218
2015,9,11,41955,42058,74842,65882,21628,26461,83041
2015,9,12,64003,51490,52126,39928,51878,29503,47598
2015,9,13,12620,24949,65948,40478,76769,31513,72203
2015,9,14,16649,77522,55803,35351,4737,19385,27132
2015,9,15,35216,60781,41701,77170,2838,16543,69404
2015,9,16,40818,9355,62444,21172,77196,30921,61099
2015,9,17,45425,60423,45048,74396,1724,10995,74873
2015,9,18,78492,8859,53428,11492,2732,9230,6842
2015,9,19,7468,44966,10326,59035,22098,2026,22556
2015,9,20,24935,84920,11959,65752,10626,40754,66923
2015,9,21,87821,38027,64373,49597,98449,25772,23993
2015,9,22,16524,36766,55217,11368,61976,8644,69211
2015,9,23,64707,34225,2405,88526,95542,12730,47560
2015,9,24,17639,81107,116,58926,66027,28426,4677
2015,9,25,76652,19180,27952,80825,57206,8676,20421
2015,9,26,72006,34448,54413,4882,87565,25982,72601
2015,9,27,49541,34625,71811,30599,85202,24215,69125
2015,9,28,80743,3296,83036,14734,84403,33151,43659
2015,9,29,50429,11577,14687,43432,47108,42638,54256
2015,9,30,20665,67666,71029,92670,18465,25441,33903
2015,10,1,6029,51422,46503,55569,2399,18314,46168
2015,10,2,3952,8880,21644,84694,12176,4679,85779
2015,10,3,96578,4182,89437,63358,32110,4124,16789
2015,10,4,79217,63113,31045,99881,30778,2073,68902
2015,10,5,49242,43865,39157,71623,11639,35659,87191
2015,10,6,30389,20324,29710,34340,29204,17705,25385
2015,10,7,57731,72384,51164,54308,76565,40600,57665
2015,10,8,8674,44723,40805,4242,24188,38201,10474
2015,10,9,54965,90273,45727,20559,50490,34883,42181
2015,10,10,78480,70542,35723,8868,7217,31785,73207
2015,10,11,36420,49489,94943,94150,38224,46106,34809
2015,10,12,31140,3058,98825,39813,64132,39630,70406
2015,10,13,88319,27830,80879,59636,34455,42958,20194
2015,10,14,1296,27840,88726,79775,14733,24448,44994
2015,10,15,21950,22584,48200,74721,88425,9494,35223
2015,10,16,26648,21952,50031,57788,25009,15208,33952
2015,10,17,89140,4837,90710,93811,49018,37940,73446
2015,10,18,99824,30897,49991,1119,58737,38716,27245
2015,10,19,73469,79515,2238,11770,2099,16789,56491
2015,10,20,90523,26283,71713,33522,48234,38095,7661
2015,10,21,89594,19654,37965,95085,24490,28674,58895
2015,10,22,89860,16613,42340,89683,47510,8682,87154
2015,10,23,22598,47397,4398,12418,26912,6636,84188
2015,10,24,45362,73424,27030,52236,99706,48742,82109
2015,10,25,64291,53188,9770,53884,72842,47734,88969
2015,10,26,13683,92759,54215,19894,9371,12907,79577
2015,10,27,73232,21588,33082,95829,68985,37479,24599
2015,10,28,12248,44114,48786,73961,33890,25815,66196
2015,10,29,49947,90908,28304,14238,44095,4425,34473
2015,10,30,33288,18510,49793,63323,11268,4008,23216
2015,10,31,36991,33266,9144,10222,54853,42225,42403
2015,11,1,40189,79704,47001,68788,40169,12138,2748
2015,11,2,90410,87952,85295,40357,95211,13599,50946
2015,11,3,55657,84375,55418,88945,2885,5211,58619
2015,11,4,14152,25570,51834,51142,58835,10978,87716
2015,11,5,13687,3202,16470,70228,99257,29822,59015
2015,11,6,55778,91959,98115,46187,96262,33409,72895
2015,11,7,91472,13359,73840,63480,97734,29258,8776
2015,11,8,16970,50820,37394,31121,76389,39228,68615
2015,11,9,35223,66557,92682,65261,86110,9151,51840
2015,11,10,85367,88972,90855,57496,97282,5321,10034
2015,11,11,93543,88729,22929,1366,18440,13120,81197
2015,11,12,32525,42377,49973,49494,9548,37366,70614
2015,11,13,85936,76593,95580,37510,43149,38261,59123
2015,11,14,29259,97411,70962,30977,2734,28168,64824
2015,11,15,15,83488,41209,9909,88569,30489,27626
2015,11,16,7008,93609,8823,39532,52337,25147,89025
2015,11,17,61885,62512,85990,64172,55457,31570,11682
2015,11,18,14957,86182,20804,60567,99945,41765,67895
2015,11,19,2678,69933,12718,19045,69772,20279,85305
2015,11,20,58340,50767,89283,65347,44375,48105,24878
2015,11,21,13064,89603,10254,74948,52114,46244,79119
2015,11,22,7570,94165,57152,38879,80346,27955,59445
2015,11,23,80290,86072,23692,99320,72356,2761,64716
2015,11,24,42127,23039,80020,467,73806,19302,12165
2015,11,25,34532,83758,87043,47595,73360,13648,48894
2015,11,26,41826,26243,94365,65747,36759,1516,24625
2015,11,27,17105,29471,20422,13746,31894,44113,79417
2015,11,28,4249,13225,64132,46375,36264,10504,23193
2015,11,29,26421,46157,45358,77304,46267,48752,71251
2015,11,30,19626,62399,80144,77803,88642,24508,3550
2015,12,1,25400,26024,64526,58856,71846,1299,28954
2015,12,2,3739,61763,18370,7987,74988,48854,30713
2015,12,3,11251,59357,33906,54023,5513,29263,21326
2015,12,4,51779,28014,72576,87757,90412,2720,35559
2015,12,5,95405,43579,25460,37157,69602,6338,32364
2015,12,6,57799,23988,1317,61537,85751,36039,45875
2015,12,7,60738,34892,56588,88340,94248,40493,52362
2015,12,8,16112,69755,90039,67891,14120,12615,71999
2015,12,9,20883,31686,53909,16288,75264,45721,49796
2015,12,10,61218,2058,82159,19016,42397,49828,6905
2015,12,11,28147,35866,82779,5236,70757,5718,89927
2015,12,12,81356,46210,52288,97467,32316,8679,71709
2015,12,13,62787,21293,70059,83670,52978,23968,29957
2015,12,14,44593,19688,86104,5810,38097,18262,81178
2015,12,15,80493,84441,38082,24992,20306,37212,227
2015,12,16,7414,92930,56506,5121,55491,25145,68940
2015,12,17,4159,83823,648,66945,5115,37059,50614
2015,12,18,74444,11026,66922,19037,47065,3025,84846
2015,12,19,1513,37639,82375,82005,22079,36808,73348
2015,12,20,58737,74020,69927,66150,83301,26432,81271
2015,12,21,55143,51576,90210,75653,35399,7209,48950
2015,12,22,56865,94267,9563,31309,21644,42837,40345
2015,12,23,68708,62213,91542,70220,99851,23917,58577
2015,12,24,38282,10724,91924,97018,1095,28202,73167
2015,12,25,747,4633,50789,55890,56209,7350,77894
2015,12,26,7959,64559,6843,64823,75177,16406,16131
2015,12,27,96821,25594,62827,81880,87806,4369,22100
2015,12,28,4009,44637,37028,42290,55360,45303,69307
2015,12,29,72807,23505,18825,73553,44489,19614,85794
2015,12,30,697,26963,93688,25007,7873,530,39830
2015,12,31,83050,33287,2312,96222,58880,15139,34453
2016,1,1,63038,35859,46552,67046,80495,49931,79335
2016,1,2,35854,45234,64993,25012,85090,33817,18565
2016,1,3,29578,69782,44358,46627,96745,4397,61633
2016,1,4,20969,54927,77814,20370,88213,30126,6591
2016,1,5,63445,45264,11044,26482,81122,23947,53527
2016,1,6,77968,90230,19213,30173,51815,557,65185
2016,1,7,36904,84373,70101,66481,54155,30810,83107
2016,1,8,67251,85207,1092,88219,40133,28905,48589
2016,1,9,44697,75382,41531,8141,36997,18926,60974
2016,1,10,34470,59225,60852,12437,49454,30064,72610
2016,1,11,1268,96972,97794,54523,81345,17894,61003
2016,1,12,51851,15055,50462,35453,261,17905,53671
2016,1,13,40393,46809,48611,1442,22191,6494,85934
2016,1,14,59187,75419,76908,10009,50995,37759,82445
2016,1,15,448,34175,65054,18067,31146,29199,32589
2016,1,16,28842,63444,9944,97044,78499,10405,32496
2016,1,17,78759,44661,72519,35504,91469,21129,13297
2016,1,18,30011,27622,79230,5550,19393,6137,65558
2016,1,19,70387,93896,38002,87187,44422,19408,65253
2016,1,20,75567,14958,94194,20761,78402,4137,37804
2016,1,21,73252,80893,50300,52010,25553,22818,13865
2016,1,22,33373,60298,57161,79736,4272,2743,5285
2016,1,23,23664,8879,17194,94050,19126,21547,17588
2016,1,24,63547,90954,2841,55466,5912,47034,6226
2016,1,25,665,17522,94029,73916,98414,10680,72277
2016,1,26,40318,99849,62494,73690,60147,19654,83425
2016,1,27,64418,88748,38709,4433,97627,22254,54834
2016,1,28,16752,43801,12422,96651,51106,31614,52116
2016,1,29,73369,28647,28341,74033,62520,38721,37948
2016,1,30,60933,99401,6577,1250,99249,19070,1291
2016,1,31,75747,5075,44716,56516,93823,49776,50948
2016,2,1,91449,72030,75782,24552,32182,4555,67554
2016,2,2,83287,36168,89669,56656,81166,18009,60688
2016,2,3,43685,73082,94988,20969,72482,1564,8570
2016,2,4,88082,86985,29860,63829,92059,24575,70344
2016,2,5,2233,90703,97644,10033,62732,39777,74585
2016,2,6,11265,94331,72138,94551,46850,28159,11206
2016,2,7,28015,12519,98246,88051,85600,9585,69019
2016,2,8,58081,27500,47588,62515,14484,27447,56343
2016,2,9,22894,68374,63038,25127,59076,10681,35159
2016,2,10,38159,66809,86095,49423,61139,24585,50325
2016,2,11,7988,52743,27883,52354,65261,26128,10404
2016,2,12,50861,52064,49422,25293,79563,13361,17807
2016,2,13,10398,7160,30501,33291,75533,9891,54769
2016,2,14,50960,86923,9928,89118,53732,46022,44892
2016,2,15,14870,86958,15216,39210,39700,43098,81563
2016,2,16,4961,85577,48319,72173,37640,14092,83817
2016,2,17,33554,27453,1624,43951,34612,48476,3594
2016,2,18,26496,58366,68362,77455,45289,44641,46572
2016,2,19,99020,90663,21463,30241,77620,3030,79450
2016,2,20,33672,96128,77365,54984,81704,42035,27156
2016,2,21,35696,56126,40972,69249,99930,8947,49552
2016,2,22,34541,7423,23145,77388,82140,7858,44842
2016,2,23,27428,2499,37765,42799,9513,25579,53040
2016,2,24,3484,28609,58841,37155,24736,2557,88490
2016,2,25,6439,94591,35645,58486,50717,42969,27735
2016,2,26,50646,51915,57286,1539,75689,46782,78926
2016,2,27,57829,4639,50120,1608,23489,37884,4407
2016,2,28,33001,63463,33798,52837,92071,42638,59991
2016,2,29,33158,61547,98481,55948,56137,477,74434
2016,3,1,23205,59797,42168,90203,28064,15805,88093
2016,3,2,3752,12586,87018,77932,33576,3489,15892
2016,3,3,57065,41373,40298,6417,21187,40447,9253
2016,3,4,29609,99436,65596,62766,60982,30428,35065
2016,3,5,33471,47256,49498,56675,7053,8017,86877
2016,3,6,35116,23821,54969,55219,52758,8339,63151
2016,3,7,2686,11827,29042,76102,69551,35691,68870
2016,3,8,7089,92489,58123,53049,91924,40070,85814
2016,3,9,52906,36849,50879,86376,84104,16728,59402
2016,3,10,91156,24745,22631,42623,64917,27599,87842
2016,3,11,17675,52289,47344,36712,80468,42737,62813
2016,3,12,66370,94779,28034,89811,87267,36156,2859
2016,3,13,79190,42577,58673,48447,79425,25903,64822
2016,3,14,79881,58982,94224,87388,83726,16854,60011
2016,3,15,48643,10804,44204,82669,79445,41547,15732
2016,3,16,76264,635,64896,42633,95413,42929,72443
2016,3,17,82679,95437,75302,61868,38013,326,60315
2016,3,18,33790,92580,61488,13670,51561,22063,87409
2016,3,19,51639,5268,47419,16633,32424,7974,15653
2016,3,20,28220,99520,51384,4483,16506,16279,43467
2016,3,21,11918,9207,95910,94596,4643,37563,82816
2016,3,22,59008,54240,99482,92797,63171,27321,62818
2016,3,23,31083,49384,40226,82721,71003,3997,35705
2016,3,24,3426,28322,31357,31645,44194,32740,42479
2016,3,25,60699,99018,15946,72617,24577,28207,13564
2016,3,26,29219,32121,56379,88226,86360,22212,67374
2016,3,27,65882,49533,20191,96964,15268,26769,36037
2016,3,28,86270,97117,28093,6048,41790,9450,24044
2016,3,29,85983,58541,6523,46682,57559,22468,69298
2016,3,30,98487,50674,19213,27705,99146,25592,32283
2016,3,31,85505,64155,29656,67738,30039,16199,41053
2016,4,1,45306,59319,93441,47928,56435,21534,30327
2016,4,2,14576,80983,24370,559,55875,47244,87240
2016,4,3,13433,86063,82889,11919,53088,2101,65976
2016,4,4,52233,94044,88258,54089,58199,17913,21826
2016,4,5,88237,463,2879,49895,59781,46319,74174
2016,4,6,32567,34204,84500,47143,31538,25221,7701
2016,4,7,87413,72465,11292,17197,74879,44180,15468
2016,4,8,27967,12632,1443,96551,6676,6052,10640
2016,4,9,81226,40316,88817,85814,40779,41695,72060
2016,4,10,559,4366,66233,33126,54921,732,80268
2016,4,11,86459,92305,44320,73871,81121,5611,67419
2016,4,12,55999,66142,52886,317,78773,20680,6868
2016,4,13,1800,76731,47507,83025,17047,2675,15191
2016,4,14,74177,44370,37250,74735,65087,3483,4212
2016,4,15,20007,70566,20831,22817,62870,15150,13039
2016,4,16,43990,37112,20458,99989,3253,23343,6657
2016,4,17,98378,60375,13524,177,37105,27382,73202
2016,4,18,70503,30057,84744,44679,90778,21993,35766
2016,4,19,72216,41827,59977,8574,12393,47160,31391
2016,4,20,75262,78661,44429,35604,15773,31238,15592
2016,4,21,35377,70933,52248,33754,31307,32124,33931
2016,4,22,68411,59505,33484,55266,5913,18227,69944
2016,4,23,96690,56571,52061,68905,98398,12038,83831
2016,4,24,10790,25549,25221,2403,4209,36001,8006
2016,4,25,19981,67239,89949,55358,38171,8549,45463
2016,4,26,69477,57024,39393,54239,16528,39228,75856
2016,4,27,38793,23806,25800,35482,80377,27860,20739
2016,4,28,78774,6249,14569,5915,31797,6141,4669
2016,4,29,36006,42141,62675,72338,25731,18975,24047
2016,4,30,80253,43875,49510,66081,898,5254,6672
2016,5,1,33778,94482,62527,72570,18287,4678,14403
2016,5,2,98663,98890,61493,93788,5138,42413,16054
2016,5,3,53287,48553,40723,5644,7046,19749,84333
2016,5,4,49128,88723,38380,29381,48950,37889,15461
2016,5,5,49847,93142,48484,83624,87623,11011,22545
2016,5,6,22262,15688,13300,37276,14577,24792,51064
2016,5,7,36067,67205,47117,5705,32109,4191,81348
2016,5,8,39154,23939,5680,88282,29014,44059,84014
2016,5,9,77963,48299,29474,44161,57793,27958,14137
2016,5,10,61767,5320,16681,84028,21007,29980,61304
2016,5,11,51936,21124,68719,88002,4680,32187,43706
2016,5,12,36788,36378,5053,75942,76668,27084,10575
2016,5,13,5681,87495,14588,83643,35793,10413,84156
2016,5,14,9937,54722,88292,71704,60041,4972,75731
2016,5,15,97400,51304,93386,49335,88779,12104,67336
2016,5,16,93458,10643,47393,30245,47020,18797,62538
2016,5,17,23687,95880,3112,45720,99726,17699,55714
2016,5,18,51871,94464,89869,61807,49185,28160,53510
2016,5,19,25578,99484,5593,22977,67139,15330,58663
2016,5,20,55917,93786,25998,49374,4428,39742,75970
2016,5,21,51447,58538,18508,91485,70769,21619,7204
2016,5,22,70495,55670,82918,22365,50133,39138,523
2016,5,23,15669,67298,34033,41246,83133,5977,30574
2016,5,24,50271,71306,69236,6187,65091,11585,41912
2016,5,25,69518,1326,67881,37316,59863,36388,15153
2016,5,26,30632,24359,82356,17478,80028,31625,16194
2016,5,27,46512,87115,56716,78532,54412,7100,36130
2016,5,28,53896,63076,16703,4166,50734,2291,86704
2016,5,29,32176,13875,98615,1694,31553,32847,25361
2016,5,30,7767,69235,513,54750,9945,49221,62227
2016,5,31,6324,97197,28420,69187,84311,1488,27718
2016,6,1,55074,8587,83847,8969,71663,16902,19486
2016,6,2,38748,35544,56189,70923,65770,4803,38968
2016,6,3,97322,54002,44329,5089,39588,11193,66190
2016,6,4,49532,76765,48417,55855,73962,43188,61393
2016,6,5,74624,94675,89110,46050,3262,39309,45018
2016,6,6,91276,6210,84504,46375,41753,7044,67297
2016,6,7,7522,28199,22617,21196,82200,16945,52636
2016,6,8,21787,44489,18825,87670,37606,33593,43524
2016,6,9,27919,76781,84916,2542,87807,40377,74943
2016,6,10,7420,79685,19961,15047,2246,20816,11421
2016,6,11,60350,77859,95070,84224,22409,17686,41771
2016,6,12,4608,982,64406,26394,61822,33230,84063
2016,6,13,99427,83175,73938,27345,59955,25205,9887
2016,6,14,64113,81934,94829,87885,77970,31141,52931
2016,6,15,80216,68308,80704,56917,62519,25773,21140
2016,6,16,84927,9810,62910,89535,10791,43667,72280
2016,6,17,72612,43249,62695,72039,26423,2984,19383
2016,6,18,86377,44541,45621,66841,26474,6802,84725
2016,6,19,4443,4294,74008,1010,72602,4711,37927
2016,6,20,51472,46835,15418,52750,56644,44680,18636
2016,6,21,83786,38346,90916,56397,81594,19962,14787
2016,6,22,8016,22945,60522,10744,67485,6142,37585
2016,6,23,10310,79295,48661,14753,83589,22668,65762
2016,6,24,72542,93730,90040,40365,56916,5458,43114
2016,6,25,13559,137,51750,13696,54834,9017,76445
2016,6,26,36428,28978,31231,60795,68274,41752,61539
2016,6,27,35759,14246,65475,62420,9892,30487,13524
2016,6,28,9832,69507,25638,82373,79588,15677,32737
2016,6,29,36504,37486,32203,66414,53974,33952,50110
2016,6,30,8808,42968,66554,61587,88297,14136,52381
2016,7,1,56570,5888,10271,8680,36485,42097,61100
2016,7,2,62728,38936,64623,72560,24794,40260,74932
2016,7,3,4381,22289,94021,40884,59774,42575,63650
2016,7,4,13748,26526,3759,38907,85845,36664,50493
2016,7,5,74141,799,39225,47062,23038,15848,5742
2016,7,6,75874,74296,43193,38602,13231,24167,21161
2016,7,7,38024,14427,82444,58757,53067,26464,85992
2016,7,8,12840,19038,39641,26587,61915,9751,25493
2016,7,9,64111,46414,82337,54603,63565,37914,81665
2016,7,10,86602,3761,73758,78828,78056,33302,7429
2016,7,11,7639,57468,28589,62014,88246,11032,80770
2016,7,12,41312,3848,36762,54152,39237,42754,37090
2016,7,13,17504,52505,78935,81614,15270,11271,56217
2016,7,14,78834,99184,54233,81788,19296,44342,80615
2016,7,15,13704,77643,94395,37694,35110,22983,29707
2016,7,16,23356,50366,36829,81019,70565,39942,85170
2016,7,17,26154,99047,48612,43657,51551,27546,21622
2016,7,18,83173,5168,94190,62006,20704,14774,20145
2016,7,19,39999,9115,37111,70054,86757,31505,37747
2016,7,20,38219,54487,23806,61574,21205,10634,18944
2016,7,21,8121,66927,94114,34274,65973,42725,14282
2016,7,22,33876,86622,35904,17048,91789,46445,15405
2016,7,23,12492,11219,55550,68843,20333,42660,8896
2016,7,24,23442,24165,62995,61660,95003,36800,49585
2016,7,25,32559,63785,98528,40680,30711,8993,81305
2016,7,26,13035,51717,85587,46910,38338,37842,83957
2016,7,27,46479,638,59362,75322,11856,31263,44164
2016,7,28,48541,23922,99412,71982,64438,12406,43641
2016,7,29,75793,49205,89577,8351,29341,38104,45382
2016,7,30,60051,97097,56687,73085,65165,8625,86347
2016,7,31,19855,12818,303,66333,13455,26016,31654
2016,8,1,41663,7278,2170,90203,47552,1581,48536
2016,8,2,28341,80338,12176,4133,45894,1752,38836
2016,8,3,75234,6207,94217,51636,3303,17255,11072
2016,8,4,68468,25879,77418,88322,55048,44073,71006
2016,8,5,84855,70088,29011,26517,93718,31180,33071
2016,8,6,57621,49112,11606,85961,29449,23781,36446
2016,8,7,91694,41884,35281,66927,48090,45849,58562
2016,8,8,51393,13104,59634,36212,55334,37051,10885
2016,8,9,10382,47475,11890,95236,17563,40900,41752
2016,8,10,27632,88432,54822,85252,37543,16427,47564
2016,8,11,83344,6559,10361,75037,64794,45641,48316
2016,8,12,12883,91490,76877,80627,20945,2862,3190
2016,8,13,76278,6265,74074,86659,53739,35963,51894
2016,8,14,87653,43215,19997,15284,31646,41170,76887
2016,8,15,85540,73948,4451,85235,96858,14811,70272
2016,8,16,61651,76804,18587,90886,84645,11815,11512
2016,8,17,5589,64677,4702,81866,87293,45127,8525
2016,8,18,41031,97442,66770,28684,40656,3119,70319
2016,8,19,88653,10640,77206,90544,84588,31656,75779
2016,8,20,97797,12818,52402,59448,89621,37340,80333
2016,8,21,74265,99154,38196,96205,80182,9249,28071
2016,8,22,83826,70728,62947,24857,68169,46068,29892
2016,8,23,25176,49186,30210,30180,76178,7415,80723
2016,8,24,60765,5422,12853,58561,18240,15254,74360
2016,8,25,24212,68945,1044,14829,84451,5592,1033
2016,8,26,80984,14840,5455,64810,85567,18401,46018
2016,8,27,70087,30821,92261,95262,96358,22470,25441
2016,8,28,72535,46237,62516,49651,51658,25368,64564
2016,8,29,86249,56974,58923,10461,42270,26319,25289
2016,8,30,26720,31910,52673,7704,63101,8128,38865
2016,8,31,65020,42880,94882,35106,73700,3494,80368
2016,9,1,70058,25963,72160,42592,88551,1027,28595
2016,9,2,56561,26395,33158,42809,99720,8432,89621
2016,9,3,58341,84750,11261,85061,16659,30286,9116
2016,9,4,79760,38413,97980,44779,97644,9213,26236
2016,9,5,71344,12706,26603,57753,55020,15115,6696
2016,9,6,59923,66141,25290,16483,8887,8447,75643
2016,9,7,24958,66879,61616,83299,67980,39228,44711
2016,9,8,84639,69513,93826,80750,24277,8157,71880
2016,9,9,21921,33721,38115,9616,62778,14718,7368
2016,9,10,34149,96184,415,94071,62324,25705,46905
2016,9,11,87563,503,18900,12520,83733,30515,75818
2016,9,12,51713,69742,80528,52703,55607,40705,83452
2016,9,13,79883,15213,75331,18155,48933,13445,87770
2016,9,14,11710,94514,95137,62211,90697,45552,76281
2016,9,15,69373,37608,99538,56935,54462,18437,65806
2016,9,16,38195,15303,97976,6259,1396,44855,8961
2016,9,17,57002,85560,92412,53237,772,34094,11391
2016,9,18,66057,13890,99161,94118,8404,10649,46328
2016,9,19,15452,22552,28961,1176,60159,28498,74462
2016,9,20,14621,46934,60268,69167,62236,8243,15425
2016,9,21,63631,69449,50737,36985,55008,43148,40221
2016,9,22,72132,43593,61611,38188,57482,27123,32305
2016,9,23,82237,87772,88633,97689,10323,17593,78864
2016,9,24,86834,62442,89678,17806,9375,16297,16972
2016,9,25,87962,40891,78748,67944,10339,29484,14928
2016,9,26,65347,88983,11500,37478,32575,39463,52017
2016,9,27,6408,66585,24321,88645,54356,29305,26333
2016,9,28,81031,63249,1548,67864,25690,7577,75669
2016,9,29,51416,73873,88992,39377,14763,17739,83673
2016,9,30,25102,13574,44952,6800,2556,6452,80629
2016,10,1,51482,45914,52645,57889,28850,43317,12885
2016,10,2,99558,38974,65569,80588,2222,17117,4803
2016,10,3,44264,74693,66823,95679,64918,5814,51408
2016,10,4,79680,39904,75080,4781,53477,20031,31580
2016,10,5,72384,92834,72208,40217,55099,41204,48105
2016,10,6,83949,34521,77342,83506,73494,42910,70445
2016,10,7,92067,26378,61599,36330,1071,28421,58361
2016,10,8,82340,84234,99768,62019,40489,24847,63152
2016,10,9,93965,11229,94731,82700,4063,33291,32916
2016,10,10,59161,40846,37372,43109,75366,14713,62966
2016,10,11,65211,57623,39762,73630,84000,1360,49959
2016,10,12,1422,29780,58319,83761,30365,24438,32132
2016,10,13,70853,49284,45283,81169,76865,6365,23868
2016,10,14,80927,39655,3135,40087,96853,40507,69548
2016,10,15,72218,55219,58865,53781,29193,14979,47410
2016,10,16,29545,16338,53720,30966,62470,28391,1079
2016,10,17,92834,2828,93210,80039,52112,38492,21207
2016,10,18,28976,11208,41427,26254,67215,10913,42692
2016,10,19,64067,1419,98591,52636,72990,23808,26416
2016,10,20,18534,88786,50177,48078,5123,3897,15396
2016,10,21,67592,32287,26474,76778,35114,36035,56816
2016,10,22,3577,90878,34374,48904,2085,42152,25157
2016,10,23,69299,53065,57849,33365,70835,22791,76001
2016,10,24,43824,46598,8768,62358,35383,8945,6787
2016,10,25,56858,79193,22182,40801,11479,15007,87578
2016,10,26,62944,1041,90745,66521,91918,41471,25424
2016,10,27,10355,33622,6933,79653,3038,31133,49370
2016,10,28,73873,53923,31722,34048,521,6841,26405
2016,10,29,52255,15785,23192,9112,94977,11725,66265
2016,10,30,22807,26732,83842,85751,27772,40939,68623
2016,10,31,36042,32409,84046,46396,82382,7330,2400
2016,11,1,85420,88462,88121,75644,58737,36194,79691
2016,11,2,75609,93035,22448,27863,25171,11991,43327
2016,11,3,20148,23715,19591,59306,50446,19784,65056
2016,11,4,94570,27074,13678,46963,75834,14076,33358
2016,11,5,58216,21405,52109,59987,26219,6582,5630
2016,11,6,84955,92775,61672,60563,2161,34119,64777
2016,11,7,27332,46109,74455,63831,69824,44045,83136
2016,11,8,36621,30181,84544,31190,57254,14573,48152
2016,11,9,33088,28648,87861,7655,66405,6322,7641
2016,11,10,92623,29255,19622,93929,38381,31293,60843
2016,11,11,40542,65412,75619,67873,27872,74,88055
2016,11,12,97695,60470,87542,50668,90650,22085,78209
2016,11,13,64256,86658,92713,97343,31657,46925,74997
2016,11,14,98061,53246,88989,7035,98852,8610,60963
2016,11,15,37233,6254,71805,77774,88017,13776,41998
2016,11,16,15889,13849,26404,29935,90670,13945,46954
2016,11,17,81320,86030,95163,45575,89039,37875,29269
2016,11,18,20695,84799,64265,35108,54397,19605,52142
2016,11,19,53248,94566,59457,90480,819,47613,14605
2016,11,20,5188,11388,62954,37428,41588,39357,43714
2016,11,21,32258,3302,80668,29929,5683,25830,5503
2016,11,22,11073,80056,34771,31767,81206,15387,73226
2016,11,23,35602,1343,41720,5202,95908,1176,22033
2016,11,24,13078,48788,96638,34617,76528,9591,52044
2016,11,25,18115,65300,55758,66724,68601,2777,76652
2016,11,26,90635,44958,88506,1707,25013,39628,69825
2016,11,27,6218,55014,33051,58172,72708,24770,73373
2016,11,28,68615,92297,75405,98045,57436,38394,62661
2016,11,29,33963,64337,21057,68430,45988,43166,35153
2016,11,30,14588,45942,48157,21574,90899,36662,73280
2016,12,1,32263,76290,89456,54832,47655,22506,13003
2016,12,2,20363,13627,92727,5329,5923,34484,39725
2016,12,3,63359,72877,52386,13673,53565,39794,62102
2016,12,4,99552,82959,33607,30491,28900,48115,42064
2016,12,5,36150,34776,91695,84764,27417,31151,29595
2016,12,6,75072,20008,52598,11786,33635,45324,83466
2016,12,7,55909,29807,53191,35619,19036,21928,49292
2016,12,8,72600,11721,47745,72152,94679,47703,58994
2016,12,9,39930,95817,87410,92431,46945,29104,17194
2016,12,10,74361,76606,16788,65784,96614,19385,63921
2016,12,11,46600,31061,27387,18860,60867,30577,74479
2016,12,12,79902,2504,3770,68854,14224,17866,27357
2016,12,13,25254,65569,76350,65183,77737,13759,73965
2016,12,14,41033,59215,51158,31746,35820,17945,33881
2016,12,15,48785,53682,7802,11736,84742,35188,10596
2016,12,16,61960,15764,85074,58214,34619,5195,77067
2016,12,17,65194,73060,775,90447,54980,27124,1981
2016,12,18,49069,57235,45945,90101,32801,47102,51846
2016,12,19,84972,65046,35727,33757,35079,9880,35492
2016,12,20,19820,95067,92439,81780,27182,27512,79993
2016,12,21,61800,99058,83411,43345,88470,34185,33791
2016,12,22,43449,77660,5771,92517,51246,18067,18970
2016,12,23,84046,65168,37167,69018,46565,22893,89126
2016,12,24,81644,49124,80969,17815,44190,23408,65946
2016,12,25,87723,67271,72290,49522,82681,5700,79218
2016,12,26,71150,56236,43008,14598,33896,15130,33467
2016,12,27,1493,33196,22436,1891,14715,25954,67260
2016,12,28,61280,48847,6385,59275,97970,3705,57089
2016,12,29,58512,93464,93035,46234,77087,15324,32108
2016,12,30,59767,37376,21325,30916,93611,30685,31865
2016,12,31,43858,45814,85331,45351,95362,24118,3593
2017,1,1,10076,72,50852,71355,65270,7236,26981
2017,1,2,79591,77292,24070,54454,70756,33456,60688
2017,1,3,47842,98779,29147,7608,36154,471,74875
2017,1,4,46117,47507,16739,89974,93321,18422,71676
2017,1,5,5034,58891,31620,15109,58962,32471,2816
2017,1,6,40583,56058,49796,36526,33350,40217,30979
2017,1,7,4105,23672,8018,68298,38803,37164,75905
2017,1,8,91308,3987,47131,37424,51493,13869,43750
2017,1,9,61165,82290,11777,82550,57533,43397,7659
2017,1,10,32846,25867,16826,73429,98277,16621,86306
2017,1,11,31626,56838,33636,52082,96861,41654,60379
2017,1,12,35663,95169,12635,26971,15507,9765,746
2017,1,13,83352,39985,24495,60868,38627,36272,63418
2017,1,14,96159,96020,57428,29004,21886,24253,8784
2017,1,15,20162,57225,61441,68139,30414,45077,80220
2017,1,16,27275,53082,56950,79289,64602,35936,26259
2017,1,17,80109,62052,87005,79812,2037,27851,37031
2017,1,18,40663,80474,448,53173,76493,24227,68528
2017,1,19,14731,64831,17312,51244,22056,28752,59383
2017,1,20,68821,90180,55954,12447,43261,12904,71736
2017,1,21,7863,15191,14346,4323,77243,17702,10486
2017,1,22,79279,45553,57516,36293,26026,24316,79465
2017,1,23,18871,48542,87992,33601,13373,21655,4844
2017,1,24,51780,16759,4226,36952,6938,26532,89399
2017,1,25,66551,5787,57486,90765,20977,21831,11439
2017,1,26,98219,5885,11924,93849,51437,19439,70141
2017,1,27,93814,60106,35957,12684,8648,40301,82636
2017,1,28,38372,61955,47480,90151,95065,18057,43454
2017,1,29,2003,44588,92852,84905,50374,16689,15669
2017,1,30,87703,38520,87107,85921,60756,49030,6122
2017,1,31,12192,84820,26262,22357,44926,28571,85041
2017,2,1,53573,18871,97676,8296,97177,11507,74798
2017,2,2,92242,29564,58251,10596,90503,17455,65500
2017,2,3,57229,34143,71168,44931,89014,24626,10851
2017,2,4,49769,73655,26972,78312,74826,19586,50669
2017,2,5,19751,64508,52061,89675,83378,16088,17970
2017,2,6,96906,27595,29119,5499,73510,37370,12446
2017,2,7,64012,54824,27945,21240,5318,15464,12522
2017,2,8,94332,90089,29725,44100,80095,6696,38764
2017,2,9,54921,42633,39432,91023,7140,41492,10698
2017,2,10,6869,57579,95019,20127,1525,24138,1977
2017,2,11,91386,27859,74423,55398,99034,18719,72989
2017,2,12,4351,50535,75511,98682,56975,5235,59134
2017,2,13,37070,78282,97897,8342,37267,3680,9364
2017,2,14,60758,61523,96413,83979,35453,7784,54105
2017,2,15,36978,48273,62433,28363,76131,36855,20112
2017,2,16,75164,55574,9453,95866,22460,1315,900
2017,2,17,79434,22901,86385,32855,17534,633,1196
2017,2,18,71152,54312,56912,31910,15834,19676,22240
2017,2,19,51286,93811,36344,4615,42083,15128,62978
2017,2,20,34565,51983,49441,26080,23908,25245,31946
2017,2,21,46367,76559,32845,25800,15811,19229,18655
2017,2,22,33345,19861,16202,4496,90524,39465,72757
2017,2,23,6357,75493,84996,73994,69303,37691,18609
2017,2,24,11386,52819,27938,62302,21153,43730,8382
2017,2,25,45060,68975,26679,7778,61885,9523,83577
2017,2,26,77696,95103,8583,27392,31315,41137,18239
2017,2,27,21838,46953,996,44546,22445,2343,14891
2017,2,28,91748,40034,13499,19485,9204,7788,51786
2017,3,1,30356,51518,86519,75415,36844,13197,69544
2017,3,2,98728,72719,33120,92775,84173,8055,56518
2017,3,3,31839,15543,84757,53676,62495,2104,4573
2017,3,4,84940,4446,49464,76687,60831,29314,32523
2017,3,5,86386,53454,94308,16741,21323,47179,48507
2017,3,6,58166,10375,8050,73245,99446,7522,56020
2017,3,7,83618,31928,18889,15457,47470,3645,65484
2017,3,8,26316,5748,16409,11255,26546,32224,84293
2017,3,9,3728,61537,16815,6466,31342,27475,53206
2017,3,10,52664,24653,48065,10829,35027,22466,426
2017,3,11,50824,29987,82797,34442,78266,1685,76250
2017,3,12,42087,5330,68085,68403,27429,34493,16009
2017,3,13,70326,66716,302,90406,44605,33468,66871
2017,3,14,92298,77294,20076,44962,18298,34492,35790
2017,3,15,69677,56958,72567,20500,3296,5363,31293
2017,3,16,97914,57048,37542,40000,62377,5627,78402
2017,3,17,6157,6471,20763,76483,89539,21064,36888
2017,3,18,50495,70883,63758,42792,48177,185,47753
2017,3,19,66474,1029,59895,36150,57986,32461,16650
2017,3,20,77633,87824,27942,75546,44871,31836,81898
2017,3,21,23599,3814,56651,29755,10284,27413,26237
2017,3,22,16174,98476,89476,66668,85711,19585,25812
2017,3,23,33887,86122,13564,16712,87150,39810,12862
2017,3,24,61487,38623,25863,55471,26446,20156,17369
2017,3,25,87668,51991,79266,11266,72156,35916,21020
2017,3,26,98792,29681,63609,14965,28156,19436,7985
2017,3,27,30218,55373,23796,64104,41494,3711,40816
2017,3,28,44995,43521,50029,6481,82143,42243,28303
2017,3,29,24940,78750,25671,12607,47093,4936,224
2017,3,30,19248,57204,97595,18039,86884,27555,49356
2017,3,31,31391,46991,47340,61609,2363,37487,32064
2017,4,1,60208,41197,39231,5202,1069,5611,58034
2017,4,2,99563,97853,6336,24502,92955,32007,63460
2017,4,3,40047,53294,93683,59294,26849,7630,23685
2017,4,4,13732,85184,43040,61475,48526,6731,69435
2017,4,5,67240,94217,81498,27447,35413,37081,72648
2017,4,6,52834,42691,60681,52396,56896,33369,73250
2017,4,7,49850,15375,46709,89896,85020,6744,45541
2017,4,8,11869,64373,59225,41952,65908,2264,3426
2017,4,9,14434,8994,59212,81673,19562,40710,19120
2017,4,10,71327,77790,58119,24160,36832,35152,22907
2017,4,11,93727,18520,86156,43576,50246,49217,59823
2017,4,12,51617,5960,15364,79837,86684,24588,1789
2017,4,13,52591,93204,41566,83376,18549,778,61401
2017,4,14,38111,41487,90520,9437,35628,14990,63596
2017,4,15,72459,16493,26502,82538,51364,29010,42465
2017,4,16,17961,78226,92288,69578,537,7651,79414
2017,4,17,87220,82238,87554,56162,91793,29120,25890
2017,4,18,10342,29897,37290,48452,87735,44161,47888
2017,4,19,39714,9150,7835,28524,41995,34336,1061
2017,4,20,93358,63345,53526,11319,57922,45813,27248
2017,4,21,58458,69815,63013,45677,68404,567,38191
2017,4,22,60197,79686,74080,70538,25934,11369,8989
2017,4,23,30020,71881,93228,86085,97382,1062,74608
2017,4,24,39376,51749,42021,32734,31446,11898,10404
2017,4,25,89367,74062,57651,47825,43876,37015,19853
2017,4,26,12279,87581,28043,88827,83618,18474,59364
2017,4,27,25903,46194,94704,72274,18074,37931,8358
2017,4,28,15456,5344,72966,54831,57093,31338,43916
2017,4,29,88538,43235,80671,77904,17296,4673,72080
2017,4,30,77523,91688,51933,89801,79268,29975,4980
2017,5,1,79238,14801,70695,5140,60994,15399,7414
2017,5,2,95420,69681,35771,10875,91377,25088,12057
2017,5,3,48469,56425,2325,53358,16011,32995,47613
2017,5,4,33306,37668,89693,10828,29355,7977,6981
2017,5,5,24974,54303,28312,4211,69103,49006,89351
2017,5,6,30097,80756,3116,25516,66789,38886,82742
2017,5,7,58165,80326,51150,22985,53102,3474,46342
2017,5,8,69113,36469,40306,18770,74136,46350,15950
2017,5,9,19842,4326,79282,44815,58629,7593,29026
2017,5,10,27731,6598,74728,74179,87354,27843,16046
2017,5,11,54142,16728,85139,12306,13405,36289,81642
2017,5,12,66507,89762,44335,51971,42582,34640,70740
2017,5,13,33069,30990,16689,52910,51667,45970,87725
2017,5,14,26647,3562,63102,70730,26512,37829,84908
2017,5,15,30217,15671,77306,84358,48750,28796,83015
2017,5,16,62155,15084,64656,45013,21198,8990,36983
2017,5,17,80131,9981,67722,13200,57322,763,76109
2017,5,18,8989,13084,80185,35635,32998,43286,42716
2017,5,19,59509,81114,67624,89725,13136,11281,40434
2017,5,20,61886,40076,3448,40392,71512,34455,25404
2017,5,21,92709,9796,82386,72839,36128,16459,62390
2017,5,22,93450,67221,84851,18790,80305,15035,776
2017,5,23,13302,24673,93492,89162,22138,27467,68886
2017,5,24,35274,38747,69319,13511,95174,39118,23902
2017,5,25,66685,89924,39305,75745,99719,38042,74936
2017,5,26,35846,4500,83677,45647,88073,18527,64436
2017,5,27,84729,49914,35212,14382,74586,28703,83543
2017,5,28,96723,22521,82428,48348,61267,18098,71858
2017,5,29,72792,73567,32111,55829,63490,37767,27925
2017,5,30,79560,25808,12860,15405,46660,12889,27404
2017,5,31,34732,81415,41839,19460,31328,43402,3841
2017,6,1,5913,22104,37383,18988,44624,36162,83687
2017,6,2,22242,20611,61897,11386,94177,44007,67214
2017,6,3,57666,98126,15138,37225,23933,44350,48981
2017,6,4,70592,57238,46384,21675,38652,38223,51134
2017,6,5,86332,81624,91326,92244,20080,45060,37583
2017,6,6,81055,81221,27622,19649,1831,39518,51034
2017,6,7,12359,99876,98247,70024,98001,29736,57248
2017,6,8,38286,74085,92581,8877,31322,38964,30552
2017,6,9,86326,43538,88037,72657,41514,29363,31252
2017,6,10,77945,24422,25187,75351,21995,2808,24999
2017,6,11,40177,58677,42384,52536,74904,6982,2559
2017,6,12,89257,86718,46159,27542,77154,38739,82770
2017,6,13,8476,94054,99673,11153,37592,4062,23809
2017,6,14,95457,83424,65060,73401,24197,40246,48751
2017,6,15,62543,59405,43750,2720,34433,2485,71607
2017,6,16,9337,59467,94165,14945,62536,6675,82486
2017,6,17,39689,11765,11607,64516,22171,27632,15668
2017,6,18,59762,31693,59476,71570,31468,40888,84970
2017,6,19,55664,47485,93720,34559,23242,3821,47278
2017,6,20,57674,56306,8884,83362,32124,19400,28306
2017,6,21,94659,92427,57143,34347,20543,18750,55215
2017,6,22,42713,96381,90882,18826,28073,358,395
2017,6,23,59540,7597,35364,31555,55081,45436,16113
2017,6,24,78322,99256,19742,52348,71913,44977,55709
2017,6,25,4036,80729,34015,15046,73155,41157,55745
2017,6,26,93697,76258,80959,52762,72638,21840,41587
2017,6,27,17062,38549,78334,92953,46145,30049,70860
2017,6,28,17578,75484,6972,12251,91092,43066,84598
2017,6,29,63004,88042,307,83392,68770,34321,54789
2017,6,30,58276,41829,80533,68325,18087,27843,61086
2017,7,1,7076,49683,9024,24138,4583,37357,13442
2017,7,2,67080,33758,74301,84657,9241,47625,13259
2017,7,3,332,40690,77857,79688,45083,44515,39431
2017,7,4,30205,28835,10571,88480,87015,41104,23156
2017,7,5,5101,68946,10593,12177,34980,35969,52666
2017,7,6,55915,39677,2459,22994,73434,26760,84002
2017,7,7,82675,90736,37260,99358,47777,31468,15397
2017,7,8,92859,25982,91179,39415,54816,1750,14247
2017,7,9,58183,9205,17402,63283,94502,44347,51811
2017,7,10,29482,80315,60828,85396,19991,13287,44741
2017,7,11,93425,56398,48742,92451,47133,36001,71808
2017,7,12,11261,17469,3557,20471,43450,44735,69886
2017,7,13,14618,96484,4132,89152,22040,37885,2434
2017,7,14,16542,98583,60597,62375,78897,21424,84122
2017,7,15,98888,84710,88862,8664,41107,37603,41114
2017,7,16,4591,39955,9273,15851,73775,12829,66322
2017,7,17,33577,23916,12559,64546,36751,33042,33697
2017,7,18,58791,70926,22482,91684,69509,33078,24058
2017,7,19,64757,4502,18179,79996,5563,23392,58659
2017,7,20,46670,60994,6124,67612,17300,31749,29815
2017,7,21,91075,44577,36136,41003,84844,48694,45548
2017,7,22,21595,81735,75596,96737,69012,48077,8420
2017,7,23,54872,81155,42477,35981,2008,27007,75976
2017,7,24,7570,398,20987,70591,77743,43462,8203
2017,7,25,95042,75210,38017,2468,19787,40504,89822
2017,7,26,20982,55549,65369,42576,37283,7316,5664
2017,7,27,22646,55393,44083,93870,36547,2911,59850
2017,7,28,38554,79917,45825,46123,96666,33163,63066
2017,7,29,74408,26625,71268,85802,1834,25636,24621
2017,7,30,37972,16139,64443,58954,71687,46163,77881
2017,7,31,25321,3479,73545,64318,75223,33979,8187
2017,8,1,11769,36890,88036,66674,33158,213,19148
2017,8,2,29824,33375,62213,20583,59999,49832,12736
2017,8,3,61833,75467,27357,99804,7957,8151,78757
2017,8,4,95995,70665,76638,37667,90495,16534,61985
2017,8,5,65717,512,60171,77485,37401,14559,60510
2017,8,6,70559,14771,89658,16734,48145,18222,67316
2017,8,7,8144,18054,60052,69976,9872,3760,26131
2017,8,8,34181,11910,44888,30175,98926,37877,87842
2017,8,9,89421,4410,86178,55137,21273,12700,88974
2017,8,10,75026,27258,9483,61936,42028,15492,48669
2017,8,11,6525,66,32336,14668,18119,8739,20995
2017,8,12,44342,12498,87125,78522,40759,32012,85049
2017,8,13,39685,86240,92890,45457,7001,45419,30593
2017,8,14,28274,58118,49566,3299,1728,25401,71586
2017,8,15,60107,7244,60254,66631,7309,8941,81298
2017,8,16,41779,17680,82292,86121,46529,19417,50994
2017,8,17,87288,17780,6042,43324,20372,15283,38780
2017,8,18,27372,10701,5724,71997,85171,21642,61647
2017,8,19,86898,47042,73232,47004,70637,49837,39987
2017,8,20,77946,58778,11284,36076,76457,9928,68548
2017,8,21,39337,95696,19542,42976,29827,41935,6299
2017,8,22,50198,57218,91430,93922,84270,13506,82270
2017,8,23,85792,85147,73917,89041,48540,13500,62397
2017,8,24,19176,29689,82383,13473,88466,43666,69549
2017,8,25,81274,3593,88096,20610,15640,7637,63586
2017,8,26,45467,65924,66236,95664,23141,24018,5937
2017,8,27,23762,3875,88207,9554,89021,12123,8594
2017,8,28,37560,41974,50990,73087,71662,49724,76560
2017,8,29,76479,43390,36108,74104,63334,24203,54714
2017,8,30,78974,48192,74651,24440,14115,7238,36455
2017,8,31,53607,47607,42392,77368,51481,30598,73273
2017,9,1,56853,9072,18219,94412,67397,35560,67499
2017,9,2,55411,35284,70410,31889,95025,6517,5993
2017,9,3,58358,47071,17058,53683,95262,8060,24474
2017,9,4,25728,81649,30929,95686,29256,39672,29406
2017,9,5,97088,36621,92678,53941,45692,27248,68352
2017,9,6,29440,12808,32202,84850,64443,18963,46739
2017,9,7,59467,25479,39083,17824,72550,6140,37859
2017,9,8,84163,80551,82332,26243,62199,29612,41928
2017,9,9,91454,35635,11333,88542,72255,20363,22482
2017,9,10,34298,47610,7185,63738,60417,5739,8587
2017,9,11,24859,74701,81677,84325,16532,20759,78501
2017,9,12,5433,93250,6359,5947,73800,5042,32189
2017,9,13,35999,34654,54117,43804,70288,31801,58697
2017,9,14,58895,2163,7530,93192,49773,31067,36929
2017,9,15,26541,3157,21868,51400,94209,19896,82076
2017,9,16,10740,57007,86928,32524,50256,9638,58471
2017,9,17,40408,14680,70659,92758,65685,41127,36561
2017,9,18,52324,22928,1610,11218,41442,9139,4410
2017,9,19,91214,40205,77690,17755,43361,15909,75506
2017,9,20,37570,35805,53933,64661,92811,40861,77185
2017,9,21,59418,66850,52007,16177,81529,22665,88934
2017,9,22,63565,80144,61847,15889,19423,13456,17106
2017,9,23,60864,72594,47867,68430,29151,25557,32536
2017,9,24,72511,41465,88041,26432,77269,8325,41093
2017,9,25,86431,15537,4629,45849,82387,6635,72025
2017,9,26,80267,95651,87311,43832,75794,49157,49720
2017,9,27,11568,12612,3177,88784,1557,1044,87213
2017,9,28,30707,92952,59748,19570,50768,14140,26001
2017,9,29,28037,38816,53445,30819,54353,8073,33019
2017,9,30,53091,14707,71396,33357,10358,8706,83540
2017,10,1,2503,24214,69611,30423,36825,22788,59206
2017,10,2,54733,40183,92770,85440,49486,18869,65009
2017,10,3,253,49360,67361,44641,88175,20806,5460
2017,10,4,58879,78878,68478,11969,9937,6225,25326
2017,10,5,36646,14930,38865,55500,39143,8476,75922
2017,10,6,92319,97615,21479,47052,54149,30600,78843
2017,10,7,3634,15820,53851,3886,65179,21211,68527
2017,10,8,69706,58368,40338,28584,37246,25167,70553
2017,10,9,63534,81392,2230,179,12673,7446,62030
2017,10,10,68168,82273,74304,76838,79887,12134,23889
2017,10,11,50387,42734,72731,54020,58553,42933,14258
2017,10,12,40084,80496,22784,9789,38863,13121,38372
2017,10,13,92460,4639,95276,55993,86030,47505,52523
2017,10,14,98703,54951,44553,83222,37223,35208,20059
2017,10,15,33462,47341,300,83848,90074,39382,74220
2017,10,16,64979,32315,28477,5062,29162,17612,64850
2017,10,17,68024,47084,69573,76836,51722,14849,62828
2017,10,18,37752,78705,21703,52806,33655,32607,86027
2017,10,19,87230,17814,96085,37043,81506,46384,57242
2017,10,20,87932,85766,91461,52910,34432,36289,14323
2017,10,21,63593,3900,5524,47968,50983,25096,34803
2017,10,22,2705,56296,73983,40456,35001,12037,9613
2017,10,23,85007,10995,61991,72236,28808,8075,25630
2017,10,24,10313,70811,62872,14596,72928,20684,37505
2017,10,25,23711,6973,41827,3655,10872,13702,27974
2017,10,26,61855,55150,92777,64559,11445,33111,31366
2017,10,27,62797,11499,47330,47804,22493,9320,56391
2017,10,28,67652,83746,62021,94316,70908,41244,58912
2017,10,29,43835,11927,76416,83897,18899,34595,27551
2017,10,30,29771,14648,55525,7977,69797,14653,88887
2017,10,31,81242,64115,26604,44038,75613,23933,18193
2017,11,1,14457,83252,44584,82108,66997,22956,76423
2017,11,2,37905,64199,1686,98091,76125,44454,71988
2017,11,3,95024,29048,85890,41146,60047,41414,79122
2017,11,4,29844,22418,38008,11085,86532,14611,11474
2017,11,5,78496,54895,79667,9304,38146,40602,51411
2017,11,6,21494,63557,84186,75750,44107,35871,40193
2017,11,7,20231,80324,88532,31606,25723,24421,52751
2017,11,8,85770,32187,38224,15613,70956,26231,23049
2017,11,9,73840,57193,30874,52335,12087,26892,61639
2017,11,10,66584,67493,69401,4430,47401,3586,10179
2017,11,11,91507,55809,86723,11738,52484,25254,29695
2017,11,12,78207,66027,32446,80328,98213,20669,62292
2017,11,13,69168,63252,55340,43007,20444,2565,1694
2017,11,14,48883,29457,89684,15466,96949,25436,29895
2017,11,15,60702,45374,16426,52208,1182,3148,60297
2017,11,16,53665,78402,39992,48223,44428,38789,34902
2017,11,17,58992,75809,57193,44511,39060,28884,13870
2017,11,18,75856,31449,31915,24738,60905,21598,66555
2017,11,19,74205,97033,76450,34906,42406,42875,73466
2017,11,20,59939,12374,114,29956,90775,6457,18178
2017,11,21,51554,45245,23080,26897,37406,46624,31408
2017,11,22,76465,25508,91629,68672,56956,23543,73409
2017,11,23,17860,45140,49964,8416,58524,42765,73322
2017,11,24,17282,51991,63139,93572,64364,13252,3527
2017,11,25,71491,19709,18057,39396,81305,7488,86293
2017,11,26,18710,54111,54052,95175,79618,45680,30198
2017,11,27,52925,85574,89959,70784,30713,39922,15552
2017,11,28,5588,99038,38873,39221,51028,18363,12793
2017,11,29,15391,81614,56319,86881,17674,40727,86277
2017,11,30,98979,48214,8921,17688,2325,29324,69214
2017,12,1,98294,25003,9412,51219,26928,49370,28354
2017,12,2,73992,55643,33905,79579,71032,39129,18800
2017,12,3,22059,7491,67944,53801,5457,24262,682
2017,12,4,39482,14989,83310,38460,79554,8582,32500
2017,12,5,98230,87905,18065,96524,29259,43828,84094
2017,12,6,56186,43197,2447,30177,15191,2704,26107
2017,12,7,86222,58184,61258,24632,65675,29201,28433
2017,12,8,87483,53463,35466,26964,84803,35127,61776
2017,12,9,64356,43708,54275,62586,47964,22339,65461
2017,12,10,77222,16167,39554,49759,75715,8352,86287
2017,12,11,7258,27407,22393,9831,85591,33651,64463
2017,12,12,67617,29203,12895,71451,99017,48360,88414
2017,12,13,83819,99838,96541,64527,43545,815,73464
2017,12,14,91508,39506,35276,85081,55672,24829,61191
2017,12,15,47738,49532,47477,54995,93291,36221,81178
2017,12,16,78881,86223,15640,62849,15426,44886,4299
2017,12,17,14442,9597,49064,14613,9434,45605,75491
2017,12,18,52978,96419,38954,60837,52276,24229,72269
2017,12,19,24299,65409,29811,72037,31292,43639,43383
2017,12,20,24582,79859,24560,19814,82434,6551,52662
2017,12,21,97859,1436,33312,28652,11032,32376,89616
2017,12,22,20465,27980,55106,89794,40750,10411,76982
2017,12,23,93026,84639,45602,33676,66399,25412,55712
2017,12,24,14043,69050,65447,54976,65261,6358,81142
2017,12,25,47694,62909,73803,61904,64344,23467,16907
2017,12,26,91728,5842,66523,28544,50173,21628,4690
2017,12,27,7274,32039,1671,299,33029,47273,13975
2017,12,28,15780,39036,56038,46174,8086,37836,61149
2017,12,29,89698,44194,92290,53743,7102,32445,41998
2017,12,30,87797,5911,38904,95876,28104,5426,44420
2017,12,31,78276,43406,59109,85549,91796,27131,82200
2018,1,1,41176,40755,52526,73307,79791,24915,89480
2018,1,2,87876,62751,20629,93925,6944,29270,67667
2018,1,3,30397,11714,79664,34545,33976,34919,421
2018,1,4,62079,40345,71192,56706,102,46652,38607
2018,1,5,8249,23782,77158,65776,64537,29683,79083
2018,1,6,44327,70949,58562,48554,50051,45542,22478
2018,1,7,56994,24812,6496,3742,52877,36159,48287
2018,1,8,86853,21077,85059,65283,77773,6250,71989
2018,1,9,94226,2901,80595,18826,43034,7752,4602
2018,1,10,7570,3786,23684,68248,74734,48597,26801
2018,1,11,24785,10491,75630,98130,51654,32125,78224
2018,1,12,4530,84635,72862,7734,22064,7920,43017
2018,1,13,16188,14169,95005,10414,33421,25599,79239
2018,1,14,76454,49702,13840,84024,53487,3875,22271
2018,1,15,44572,68824,85424,85708,79314,11053,10190
2018,1,16,30967,59530,18413,35496,44164,41274,59582
2018,1,17,66227,49193,32598,82415,79713,27602,39180
2018,1,18,13133,19552,54770,89586,69253,18610,39961
2018,1,19,39091,38836,42232,14,7659,44007,65722
2018,1,20,86972,5059,85911,34290,64588,4323,76138
2018,1,21,25104,11948,45719,7682,77492,28316,16448
2018,1,22,57204,22269,15627,70336,41820,20397,86273
2018,1,23,27424,55358,66234,82866,94193,8465,52879
2018,1,24,18204,68823,68600,5175,73881,20862,35817
2018,1,25,54821,91536,41954,96276,3483,37672,73957
2018,1,26,97326,65987,26757,54529,4607,42383,81216
2018,1,27,62778,29131,17489,90201,840,33722,49418
2018,1,28,11385,8538,88648,29588,77360,23600,61114
2018,1,29,67592,44461,6930,22412,35997,48883,65039
2018,1,30,55831,52906,55348,53157,18892,32104,44037
2018,1,31,39850,40838,65253,2627,86321,49093,29179
2018,2,1,87160,82814,98596,98544,7703,37244,54483
2018,2,2,1414,60843,95597,69005,21655,18878,37769
2018,2,3,74003,67761,42807,29834,20666,48154,19342
2018,2,4,55910,80257,39730,95759,37447,21334,74738
2018,2,5,23767,20426,23916,10926,19591,22512,35822
2018,2,6,27293,26107,70304,28706,3301,32252,67711
2018,2,7,24955,1130,21831,98958,85242,14637,25143
2018,2,8,22259,79143,60836,78168,75751,565,80279
2018,2,9,13197,21899,5016,53315,42324,28931,74241
2018,2,10,78267,67794,6414,5559,10252,43069,20617
2018,2,11,13552,75321,64679,54859,92802,36509,80168
2018,2,12,78043,67497,15310,301,62991,26145,84821
2018,2,13,38742,93061,1451,68290,14959,6466,51605
2018,2,14,73635,51748,2197,51901,35894,24962,13811
2018,2,15,62497,18030,24427,92401,9702,39105,77259
2018,2,16,18855,91965,17426,13249,75814,49087,69902
2018,2,17,38804,41583,24722,93897,34643,26172,8539
2018,2,18,49602,48989,16495,39588,17088,18691,1488
2018,2,19,69333,60004,81650,31830,94385,6077,70582
2018,2,20,4087,11533,4192,39293,19850,37969,2542
2018,2,21,95663,87055,82443,34466,28637,7164,74715
2018,2,22,63279,49687,23253,29232,15027,39747,58819
2018,2,23,48466,74789,76658,17799,34792,24660,85980
2018,2,24,29176,80736,22913,49614,8620,27104,88907
2018,2,25,28469,65072,41448,40483,52126,40242,81301
2018,2,26,97114,47405,36015,60392,13443,25619,25976
2018,2,27,44821,15365,91146,93286,6505,34156,37436
2018,2,28,57648,58815,9767,3175,55902,32679,89141
2018,3,1,64521,59782,58047,9342,24853,15846,6176
2018,3,2,93330,56087,57476,90443,19843,9842,67187
2018,3,3,49637,1812,89514,94457,33528,30659,64094
2018,3,4,40032,64814,31530,97679,23628,41296,7206
2018,3,5,95881,90327,86346,76754,50108,10744,52447
2018,3,6,91313,92941,68622,994,49027,42450,57789
2018,3,7,85221,52291,91327,51209,70455,30840,55665
2018,3,8,3982,61498,66110,44014,42664,47639,58044
2018,3,9,82643,55287,75249,78524,45613,27946,15277
2018,3,10,12072,38689,57723,19736,31629,42696,50730
2018,3,11,97007,85145,44870,82227,53788,36196,29787
2018,3,12,24242,33387,11803,28223,94884,27913,58588
2018,3,13,53899,91903,46632,36542,47189,38232,51417
2018,3,14,9153,16178,3045,37577,71218,10767,57312
2018,3,15,2847,19814,94393,99853,4959,39262,8432
2018,3,16,75098,75457,48218,99339,25195,10021,83913
2018,3,17,20079,54285,32501,90329,46187,45484,13222
2018,3,18,93376,33715,74638,18880,66244,27682,66456
2018,3,19,37462,54800,13768,40308,74614,8160,16512
2018,3,20,95924,63774,71295,71021,55582,35865,50359
2018,3,21,80777,12237,30623,17207,66521,13123,77535
2018,3,22,12707,58606,50757,22434,8673,41746,1314
2018,3,23,74916,35780,97769,12377,90579,27888,69036
2018,3,24,81544,52400,25548,77467,16173,13194,18487
2018,3,25,71754,49058,35197,52530,61294,15820,29736
2018,3,26,27814,45294,77271,56873,20252,44379,59306
2018,3,27,28924,86124,20619,3839,21903,34740,62568
2018,3,28,28834,78979,1603,10377,31378,43502,54196
2018,3,29,47550,56696,69034,19304,5753,20583,71833
2018,3,30,83399,86402,57921,11212,48047,1543,68084
2018,3,31,68298,95921,63742,97221,98396,712,87412
2018,4,1,36651,35451,49979,65484,14430,17933,52212
2018,4,2,62159,27787,12759,9709,84482,31793,75364
2018,4,3,6586,2375,33548,89984,5128,41468,7548
2018,4,4,69526,43010,85631,37824,55282,15724,41396
2018,4,5,53678,66436,85159,90328,1886,1489,2163
2018,4,6,32667,19422,80726,11178,47208,43485,30886
2018,4,7,48041,91629,82601,54626,94003,16148,10962
2018,4,8,15482,23968,78509,85007,66977,30491,19182
2018,4,9,38611,46215,90578,92288,12650,25736,8967
2018,4,10,30887,27225,87481,79906,62998,18206,71083
2018,4,11,26557,78042,28320,74597,86022,10920,65574
2018,4,12,80024,43419,22887,11857,67386,1395,76864
2018,4,13,50715,98238,36045,89325,44452,42974,87964
2018,4,14,73453,35062,96930,4339,62286,762,20596
2018,4,15,41635,85319,91678,68191,79713,19997,69139
2018,4,16,65734,47268,4712,45758,90687,43951,83966
2018,4,17,58072,45345,87181,25138,59934,23226,74462
2018,4,18,4385,82551,12425,94189,17612,25706,54880
2018,4,19,96249,26467,15475,37883,28138,7153,46073
2018,4,20,7850,43501,65211,73583,90769,36275,55692
2018,4,21,81455,30225,9658,55878,91921,46838,31016
2018,4,22,51855,36415,11829,72591,18966,40606,76780
2018,4,23,52929,66311,81659,49178,9130,13485,37060
2018,4,24,53619,20637,9485,61468,64138,41047,15050
2018,4,25,71258,93673,70742,69064,40249,46751,41293
2018,4,26,32170,93588,22308,376,30003,489,62966
2018,4,27,65320,91094,56097,18248,73756,4107,23777
2018,4,28,99237,67592,70837,52855,4580,46673,4322
2018,4,29,85069,4071,49372,56326,97744,36465,21741
2018,4,30,37992,33215,83034,86513,43154,21693,56888
2018,5,1,89508,72181,76206,71179,63274,32302,79427
2018,5,2,53382,2761,89555,52618,70352,26743,25473
2018,5,3,91283,73415,19794,76352,77486,35517,59029
2018,5,4,75229,38333,90770,29572,87899,23803,26085
2018,5,5,31053,11847,2972,36912,84028,29177,58091
2018,5,6,63653,27831,13869,17034,30591,3423,56004
2018,5,7,17294,80166,91476,8576,69932,11269,14927
2018,5,8,47417,13138,50308,38997,51470,41077,18569
2018,5,9,39369,31231,1005,86773,43077,3976,13684
2018,5,10,43456,99505,48126,23461,27335,11994,494
2018,5,11,74277,81769,26497,91570,61934,34324,70145
2018,5,12,48217,61945,1424,95634,75082,1731,982
2018,5,13,42903,9159,35902,98623,56741,36906,35395
2018,5,14,16169,57234,25431,59625,56738,23556,49437
2018,5,15,424,51902,56282,74700,33670,32779,26269
2018,5,16,11955,33454,82765,60171,95398,540,52156
2018,5,17,70479,68622,39490,29734,77780,25391,88356
2018,5,18,50872,12297,13751,67041,85882,5533,23017
2018,5,19,42619,29088,42453,59394,97341,48734,4093
2018,5,20,47362,97864,16713,75668,47670,49477,12191
2018,5,21,43067,17,24346,29898,68638,13835,59631
2018,5,22,62770,55578,87986,13641,84226,1736,77033
2018,5,23,70107,73620,56401,29077,19060,15205,48470
2018,5,24,16400,30291,22562,80114,44506,39274,25781
2018,5,25,92175,55102,7971,35242,55118,48669,5139
2018,5,26,40108,28855,24769,2877,84432,29106,82869
2018,5,27,68657,47194,46254,55115,20813,2654,14191
2018,5,28,39872,34211,72660,56272,64501,11573,36385
2018,5,29,9006,67198,8517,17533,22300,16488,2774
2018,5,30,93769,81508,34264,50228,10362,25384,49456
2018,5,31,94794,4489,2325,79802,51682,14930,44917
2018,6,1,72495,83935,35459,28718,18145,8119,84989
2018,6,2,98997,36043,37725,24355,3241,46242,81887
2018,6,3,41892,79081,11012,52012,60588,45275,82240
2018,6,4,87301,20658,71695,98446,41498,40371,78248
2018,6,5,9532,55300,29516,82026,39235,14974,20743
2018,6,6,57379,89444,12084,72728,25487,16160,57082
2018,6,7,45079,28753,38968,3322,24185,49979,15333
2018,6,8,84772,95253,73924,88425,32262,11971,76870
2018,6,9,90111,52341,65117,99642,23993,10984,28019
2018,6,10,63227,75958,25114,36957,81753,3549,66036
2018,6,11,23591,19708,23117,68669,64813,12084,71990
2018,6,12,88997,28414,43675,90121,40018,33950,18545
2018,6,13,72279,95920,65414,78742,64613,46883,88383
2018,6,14,88605,74218,92754,68183,50175,17867,61491
2018,6,15,48280,71415,47527,71870,7474,20643,539
2018,6,16,88638,49079,28880,93987,77492,38906,34107
2018,6,17,17510,22856,79003,6140,35127,10768,74881
2018,6,18,99739,24002,79616,4695,98220,22369,89229
2018,6,19,64746,90235,10720,13025,78001,24598,71247
2018,6,20,1826,61592,41785,90464,10670,37016,4450
2018,6,21,4514,92274,84908,22023,15129,30262,68162
2018,6,22,66607,41029,29395,66346,81383,9010,37392
2018,6,23,79602,97730,76621,60699,87964,3692,43724
2018,6,24,82316,94641,74970,84141,56232,33106,60956
2018,6,25,83254,36473,91757,87767,28746,26664,19789
2018,6,26,60226,56925,54302,26833,14306,33696,69530
2018,6,27,95688,9057,96921,75289,6786,39893,25987
2018,6,28,94749,93584,26062,93416,88224,17383,3909
2018,6,29,60808,66840,1216,44061,3313,42973,31827
2018,6,30,32058,69636,41615,92284,42913,12268,35468
2018,7,1,57218,95964,44997,69257,5020,8269,54545
2018,7,2,11806,48162,96883,22906,58097,39297,2674
2018,7,3,62673,73031,26582,23480,39871,27797,77540
2018,7,4,43183,20769,15718,91592,6757,23684,20227
2018,7,5,49669,85951,35694,23238,81914,47042,52494
2018,7,6,3286,55311,53390,15091,3472,16624,4348
2018,7,7,77920,5920,87021,40592,95303,29954,60423
2018,7,8,35173,57751,64314,78355,94871,30031,6298
2018,7,9,17979,53714,86525,67647,39665,22218,7236
2018,7,10,21578,19260,99729,41215,90922,3118,6305
2018,7,11,10745,36094,27005,88664,58365,14025,65608
2018,7,12,53667,43979,26030,88839,18081,40344,73545
2018,7,13,29303,70374,69843,47282,40440,6367,41280
2018,7,14,80104,94936,38516,18033,30547,4596,9248
2018,7,15,21468,24066,31904,32212,60159,8908,67228
2018,7,16,18523,72933,82835,72190,33263,8864,87380
2018,7,17,67695,99207,60925,13349,85933,30767,70630
2018,7,18,26372,3485,8262,22827,14772,13129,60859
2018,7,19,45319,17724,106,83138,58141,32010,11702
2018,7,20,18299,7269,68929,53174,96553,1763,31715
2018,7,21,29815,76978,19094,13861,92537,30018,87210
2018,7,22,78469,27136,4191,21192,46972,12452,64018
2018,7,23,61744,91932,84876,7062,26008,1334,56551
2018,7,24,84148,49695,38252,18799,56963,7180,31972
2018,7,25,69868,75294,13686,99682,52272,32779,39895
2018,7,26,44808,29149,57104,39628,56284,11294,50819
2018,7,27,3256,90098,21188,81351,82029,22415,24764
2018,7,28,8036,23748,11314,8536,89794,15918,7334
2018,7,29,63109,89449,99305,32976,64743,29342,39009
2018,7,30,17014,78472,78903,78173,7620,2358,27800
2018,7,31,80256,30004,94970,99863,20101,16157,61213
2018,8,1,18481,38571,85976,42869,62319,13641,71404
2018,8,2,68464,79558,78737,47924,69007,44393,60899
2018,8,3,50101,23734,46260,67114,2205,41514,11638
2018,8,4,26177,93872,79437,6432,23875,24406,76294
2018,8,5,60327,6914,3858,95159,45484,6185,88027
2018,8,6,24154,19825,89430,92618,15735,34518,70541
2018,8,7,1093,78910,37792,51193,18995,34051,64658
2018,8,8,21200,25564,96295,47376,35787,42083,40159
2018,8,9,76013,82840,92804,36339,89753,46661,11498
2018,8,10,35236,2845,85876,59390,39021,41658,18359
2018,8,11,71107,92527,25251,72199,87789,13042,13391
2018,8,12,6783,63444,58048,44334,5360,20694,68061
2018,8,13,41146,62776,78219,17159,61967,21022,29849
2018,8,14,51719,84034,17698,86955,3230,19926,42696
2018,8,15,42251,11583,47406,29709,4109,22656,11908
2018,8,16,91897,52050,25298,15032,31845,49698,79365
2018,8,17,37204,86743,67426,94702,49519,11996,28212
2018,8,18,11485,49370,14412,79556,33403,48462,82862
2018,8,19,52985,68387,61909,11587,79969,9314,11295
2018,8,20,429,98321,43202,92326,50370,34852,47357
2018,8,21,98567,901,83073,52122,87643,16850,66823
2018,8,22,53513,28846,91386,81350,94567,5798,40905
2018,8,23,27969,54259,43766,97305,38997,5674,38891
2018,8,24,18965,31339,50186,19393,29659,43387,88070
2018,8,25,96381,78238,51778,94947,79138,1203,17068
2018,8,26,83133,18052,10243,36645,46897,1628,17994
2018,8,27,57815,23777,78898,85784,94387,39015,49440
2018,8,28,33383,61040,8331,68699,92378,8516,64444
2018,8,29,38389,68254,48865,34769,46492,643,59715
2018,8,30,41981,51845,93134,25113,86248,3376,28110
2018,8,31,49497,21356,96103,7311,61484,41353,59446
2018,9,1,55871,46719,8886,5605,7759,17216,4304
2018,9,2,16488,75731,95099,54876,43984,43963,35996
2018,9,3,6827,44605,52062,65160,12801,45196,6624
2018,9,4,99049,64923,84733,64897,86278,47188,22207
2018,9,5,64114,4892,81653,19984,51610,40538,21940
2018,9,6,75720,24105,32595,92208,16187,27693,83435
2018,9,7,76522,71656,85783,99701,32612,37844,84860
2018,9,8,45413,99391,87835,60813,64314,38920,42061
2018,9,9,66943,2459,14267,47408,7350,45919,47391
2018,9,10,58959,2808,25683,51031,43264,8277,53238
2018,9,11,59450,85970,23024,35972,57625,25158,35672
2018,9,12,6588,63002,16883,52000,78744,21069,9164
2018,9,13,59409,9988,71224,42704,28798,1843,60111
2018,9,14,36147,14113,73854,11458,33273,49536,2488
2018,9,15,76536,57812,22077,35986,60133,11452,41957
2018,9,16,34109,86610,23980,40697,65963,7214,49048
2018,9,17,44706,78282,54564,4115,4622,42139,56818
2018,9,18,33419,43981,53280,69566,58094,27133,77375
2018,9,19,91366,26668,59862,67901,832,48290,50238
2018,9,20,77316,59741,8546,11425,46350,32525,18473
2018,9,21,12312,89738,77520,73370,68020,48435,37484
2018,9,22,88993,90574,40653,22411,34554,43932,18328
2018,9,23,8999,37417,5702,16716,64084,31915,4617
2018,9,24,81267,96556,4854,58583,56297,29752,16359
2018,9,25,18998,62276,54831,47662,68366,48702,61031
2018,9,26,52737,13489,14866,41729,4062,21870,4139
2018,9,27,54967,82153,88819,63966,19569,10872,681
2018,9,28,5,9139,81649,81271,5694,2855,36205
2018,9,29,61990,32606,42563,97340,11233,13745,11353
2018,9,30,79598,78799,98735,32334,92287,29952,4062
2018,10,1,96348,1821,54553,67666,325,43371,11631
2018,10,2,19894,70594,28664,36250,79732,26664,87520
2018,10,3,85426,29518,90077,63767,78475,48991,27458
2018,10,4,89708,62736,38810,85657,57886,37544,67991
2018,10,5,50172,67495,8404,62871,85667,12956,86888
2018,10,6,85992,22678,78519,22237,93272,23534,68486
2018,10,7,73003,50197,92357,74780,96067,32433,88547
2018,10,8,90893,47776,16004,96952,10511,21166,52609
2018,10,9,84748,8709,599,51271,76204,25354,50493
2018,10,10,78222,88310,77380,80565,27339,22250,2801
2018,10,11,36962,95783,77638,26317,62332,36347,81096
2018,10,12,74750,85131,55994,65642,32906,21998,42594
2018,10,13,43416,43163,61554,44515,68223,12152,15785
2018,10,14,60778,87505,26277,39000,92166,3657,29564
2018,10,15,35857,75906,38717,72818,88041,16354,59134
2018,10,16,50372,19052,16582,41473,4183,22575,23466
2018,10,17,37088,60924,86059,96856,20438,13964,1370
2018,10,18,88661,26115,37155,65790,29972,29783,34789
2018,10,19,38489,83439,40705,90697,75697,29421,43515
2018,10,20,63737,12126,79000,30460,31178,11933,51932
2018,10,21,51712,84508,95397,88799,45431,47808,25654
2018,10,22,82221,61771,27024,70881,4238,30530,66670
2018,10,23,50561,60312,57811,5401,60103,14867,46098
2018,10,24,35799,10639,75964,99535,22764,21315,6346
2018,10,25,70293,83248,18277,22004,67755,30025,17155
2018,10,26,29537,44184,12808,11757,22307,6183,38989
2018,10,27,26544,53064,52011,93456,29728,9821,18856
2018,10,28,89830,24687,11305,25628,35325,37268,71514
2018,10,29,74440,58583,87859,61085,41830,22487,19440
2018,10,30,25936,52511,42946,55472,13047,22106,23581
2018,10,31,35353,44640,82569,78248,97704,34579,71703
2018,11,1,27431,60751,86910,33612,1789,48215,75591
2018,11,2,53465,1834,17104,44257,76768,21314,41693
2018,11,3,34949,43800,21132,60884,12662,30430,42708
2018,11,4,25708,52535,16288,61060,97174,15208,65659
2018,11,5,94877,66139,27361,38659,26889,30623,78622
2018,11,6,28678,45189,64212,98494,47022,47667,72750
2018,11,7,40142,18980,64442,75090,79131,1926,12326
2018,11,8,8145,82355,1385,50204,34889,34024,77616
2018,11,9,48414,49231,83274,59643,15369,10635,58301
2018,11,10,58610,57609,3275,3639,2797,17486,52132
2018,11,11,66170,81505,61234,6311,484,25675,67753
2018,11,12,95967,43952,66430,4111,26306,17814,24314
2018,11,13,77546,1837,81929,25960,67419,15203,75602
2018,11,14,99140,92189,254,74101,66149,3528,87739
2018,11,15,68945,87366,96222,35114,68870,7455,77777
2018,11,16,85705,99482,55529,81671,43433,38310,2133
2018,11,17,86091,6123,72799,79988,24311,21079,2299
2018,11,18,8081,52633,24252,23572,61173,24506,87672
2018,11,19,27321,44385,91762,96265,48102,37984,77731
2018,11,20,16971,61790,5507,19028,77623,27387,10698
2018,11,21,37408,15696,19183,23498,38170,41981,89837
2018,11,22,78832,79411,42136,3264,32044,16387,36836
2018,11,23,93216,7244,40859,36889,67981,32621,63153
2018,11,24,16082,36956,97235,33053,15097,2741,12080
2018,11,25,92720,96479,69129,30127,28526,4663,69976
2018,11,26,83047,12995,6164,78230,92406,48299,31494
2018,11,27,40801,14686,24681,50368,38281,31891,27256
2018,11,28,6261,14511,36761,22343,67818,33995,61747
2018,11,29,99267,36736,40178,8338,49566,25658,44816
2018,11,30,78092,30321,41143,61138,43315,47306,89368
2018,12,1,52072,95605,20861,92872,26642,11893,83240
2018,12,2,64922,43783,46847,87535,74646,33607,49877
2018,12,3,58815,17602,97975,58081,54337,38152,86418
2018,12,4,3902,63809,37585,98345,10481,28727,59483
2018,12,5,53796,26033,98850,22219,37989,36062,15091
2018,12,6,64630,14306,74682,45903,58088,21528,73437
2018,12,7,32733,5135,59665,7900,22736,23991,5980
2018,12,8,93424,12142,48750,13677,92303,36334,52022
2018,12,9,2783,81413,71504,72930,7445,36705,5149
2018,12,10,45433,39118,26591,26414,53423,1272,68668
2018,12,11,27862,39151,22105,76947,44285,48121,24846
2018,12,12,83372,72112,67177,93147,605,32278,36824
2018,12,13,92907,34964,18845,95690,16376,6700,34971
2018,12,14,23820,9756,80119,85604,65225,6709,48369
2018,12,15,34999,7980,17036,62860,63483,5492,59806
2018,12,16,7767,53613,41003,7491,42076,8180,637
2018,12,17,42680,40457,7460,51939,75420,42656,33980
2018,12,18,8147,65707,48950,48318,91814,45421,13921
2018,12,19,57038,52129,62289,92036,76461,45677,41248
2018,12,20,39943,51168,11053,64061,21132,18408,61551
2018,12,21,63207,76587,72188,22239,33395,45999,529
2018,12,22,25167,38655,54508,33313,20713,19809,1631
2018,12,23,12527,65229,31903,85916,33710,10544,37952
2018,12,24,10170,6220,49199,66464,57387,26603,20524
2018,12,25,94871,61362,2075,58077,54300,40614,66667
2018,12,26,87695,86612,87195,29213,41618,8054,12525
2018,12,27,78683,77863,60507,91209,59443,8762,57124
2018,12,28,93152,19305,71427,19673,41876,36977,6136
2018,12,29,15614,29932,16660,10484,91293,35086,54913
2018,12,30,45593,42051,81579,49639,45014,35126,28851
2018,12,31,2984,59531,57727,81666,53745,34586,72874
2019,1,1,13188,43347,66349,6339,79003,4128,6012
2019,1,2,20878,91104,28499,36491,37387,11510,56975
2019,1,3,28680,12947,31887,90624,54997,29817,76614
2019,1,4,11,31294,51816,2994,90825,25894,31011
2019,1,5,44569,60479,73884,74108,20177,6584,76799
2019,1,6,99179,27063,39162,20056,34519,17660,26547
2019,1,7,71905,29170,19873,16936,42116,18111,53911
2019,1,8,13465,97927,80524,29827,45573,32339,19172
2019,1,9,52749,58233,50182,97317,18711,40417,87777
2019,1,10,55240,13352,84575,54418,40415,23736,24474
2019,1,11,74933,7747,47372,46837,36916,17244,20125
2019,1,12,95384,35354,4035,25200,49632,34559,5026
2019,1,13,95204,33249,20549,64304,91481,20730,1621
2019,1,14,26544,27498,65749,81783,40849,323,66200
2019,1,15,97615,74058,27025,72547,98156,24396,5736
2019,1,16,35072,57991,15860,46807,9696,36246,72006
2019,1,17,75680,20804,43383,87235,54053,30283,81539
2019,1,18,61885,67364,29511,4780,94861,45259,26562
2019,1,19,52061,45581,39114,49676,35990,32490,2222
2019,1,20,34145,73238,74309,85568,31228,40168,78726
2019,1,21,57276,42766,37083,32955,63569,30465,189
2019,1,22,33973,77099,71727,12210,44462,1237,86989
2019,1,23,39322,96495,19903,91383,58427,9016,81058
2019,1,24,10768,57857,79631,44913,31094,3940,76832
2019,1,25,78674,60459,95558,35949,3224,32640,68903
2019,1,26,83145,29457,5443,33469,6555,43522,25678
2019,1,27,51017,94758,79019,90338,7605,48921,8072
2019,1,28,82383,74288,55481,93151,32144,1464,4415
2019,1,29,63238,21755,1246,41911,98565,13155,34211
2019,1,30,18141,45795,79465,1285,75251,34907,51105
2019,1,31,81805,94780,13135,49173,5890,42153,49511
2019,2,1,29846,91073,53934,12228,65360,9415,1730
2019,2,2,13855,77230,76144,77092,98984,43742,75354
2019,2,3,97548,6896,45916,15688,69042,25380,13324
2019,2,4,44292,26639,84429,42449,21418,47563,51621
2019,2,5,43659,89715,47483,73504,97139,1417,25732
2019,2,6,78850,27183,23813,92704,4412,16309,76148
2019,2,7,3395,10050,37853,17294,33297,33769,42982
2019,2,8,2339,25500,66305,46630,52138,17085,85430
2019,2,9,89908,80999,97051,33566,70713,10885,23422
2019,2,10,84203,62301,9153,63052,5835,49317,85756
2019,2,11,10246,65625,58255,29992,75674,46107,77286
2019,2,12,8971,79875,96619,27661,21727,29275,60642
2019,2,13,90216,46360,96072,80123,27358,9474,80041
2019,2,14,14423,70358,53462,98625,49011,28966,58029
2019,2,15,54845,28282,50136,81443,10259,8390,81434
2019,2,16,85932,20848,75071,11254,17075,21689,75266
2019,2,17,38801,50964,45908,29016,13675,41979,55491
2019,2,18,57384,51452,55531,71806,38161,25344,6783
2019,2,19,87171,20661,81163,58368,65294,31298,9810
2019,2,20,75552,56039,67595,61484,76886,42666,9089
2019,2,21,93960,30706,44355,49112,98021,40262,58128
2019,2,22,11695,48592,3618,69079,16395,25500,57236
2019,2,23,54555,843,60370,58078,21503,41532,26445
2019,2,24,86796,89181,72606,62348,45219,40200,40183
2019,2,25,38457,82865,45623,32416,13571,39977,47880
2019,2,26,11591,96590,76007,39638,61533,29624,25068
2019,2,27,77927,71475,82303,48834,72317,9025,23263
2019,2,28,10171,556,39707,13318,89737,12312,2017
2019,3,1,51307,68863,48551,89763,51728,44174,2179
2019,3,2,81650,502,36410,9592,13444,12416,35581
2019,3,3,74976,8391,90648,69255,79865,39303,8088
2019,3,4,68533,48327,41350,78703,48882,47408,48372
2019,3,5,54970,26071,389,6277,94933,48939,16039
2019,3,6,63012,59464,34569,61013,59966,20978,20605
2019,3,7,73409,99745,52537,64736,8135,43185,43990
2019,3,8,87999,32487,68429,72883,97165,9778,27937
2019,3,9,62398,23537,76309,17368,49607,43049,59996
2019,3,10,44540,58339,36034,23903,17803,36955,64916
2019,3,11,94120,57932,71872,67528,57677,24408,8615
2019,3,12,82163,67592,82605,86514,16430,1033,29396
2019,3,13,29946,77163,27333,92344,699,3641,76063
2019,3,14,66658,96689,66058,27549,71379,18443,21451
2019,3,15,89181,5397,36366,83300,79681,24589,7179
2019,3,16,53709,48997,15794,35871,32940,14750,58736
2019,3,17,65722,82134,98132,95667,59296,25464,8010
2019,3,18,76347,45456,30424,43004,58496,46481,70552
2019,3,19,29874,31276,38354,19055,36672,41072,38706
2019,3,20,32704,15660,85885,2764,64656,18030,4987
2019,3,21,13948,49131,93722,79669,31264,41853,5335
2019,3,22,90560,33668,79697,66906,79123,10120,46261
2019,3,23,37618,22953,13164,67492,54228,1517,16546
2019,3,24,7251,42588,21603,56307,58248,7487,29070
2019,3,25,39255,41868,14056,53202,90998,7778,79222
2019,3,26,22262,15982,24557,29173,49650,20605,82430
2019,3,27,28772,47076,38690,66390,86380,1853,13881
2019,3,28,56959,19721,36778,64210,62309,8380,80516
2019,3,29,36908,82219,95937,92514,40438,9993,32068
2019,3,30,31436,34122,11289,70049,50103,2197,39221
2019,3,31,99752,89153,11650,28524,36229,16691,21265
2019,4,1,38960,34895,45145,95919,54615,48274,66480
2019,4,2,33275,73005,13347,86534,55223,9283,45400
2019,4,3,95661,35627,57467,43448,69748,35107,63496
2019,4,4,19851,53656,29068,35954,42808,40717,80829
2019,4,5,95388,7407,92093,34348,58653,3589,56618
2019,4,6,13267,68214,23097,46542,41219,2795,19427
2019,4,7,12793,62077,44826,24805,97704,18644,88252
2019,4,8,83803,3751,98099,20005,57406,27166,85959
2019,4,9,16565,67882,36787,11953,91640,45232,32652
2019,4,10,66644,98820,9269,79911,67034,48717,82804
2019,4,11,24604,1511,92230,37396,79939,3408,72201
2019,4,12,77642,72051,30452,77797,75801,28551,87801
2019,4,13,49558,72068,70111,66123,56302,6898,74427
2019,4,14,47941,68481,57078,14585,83652,32698,10847
2019,4,15,67037,31414,53650,91640,32924,12231,59036
2019,4,16,12862,15638,7588,6856,4041,38039,84652
2019,4,17,96193,82941,98804,45751,55009,18915,28225
2019,4,18,27662,92164,39003,91954,60644,46080,46538
2019,4,19,60647,78777,33736,27684,26542,3737,39323
2019,4,20,59465,82320,64710,88678,14309,22297,51885
2019,4,21,18349,26688,12888,14542,25980,11692,56644
2019,4,22,97340,96958,21220,25001,89121,10222,36955
2019,4,23,66116,72653,39844,26762,67781,23580,80797
2019,4,24,94322,93668,90120,70138,75987,21181,35167
2019,4,25,90296,43478,87052,24996,86517,49939,79537
2019,4,26,12496,27982,32532,9836,41291,20103,51188
2019,4,27,30411,30324,68142,12878,19328,24338,25992
2019,4,28,87108,97917,26788,81429,7936,33259,41566
2019,4,29,83923,20792,26733,90570,80621,30136,65565
2019,4,30,67137,46426,71454,79632,74408,20337,55819
2019,5,1,15698,90440,73359,62461,37115,41500,21690
2019,5,2,56443,65837,64033,43550,80105,40821,61331
2019,5,3,88041,40431,92896,88315,61222,35980,15236
2019,5,4,41842,66115,10800,25330,12541,48605,71314
2019,5,5,3300,18942,43484,35349,25733,16842,7809
2019,5,6,62847,74694,5851,35641,56882,19883,39191
2019,5,7,36987,77055,36873,41379,17486,46120,86045
2019,5,8,95059,82100,41280,53253,64566,2079,58582
2019,5,9,93458,67036,16247,13109,85977,9731,28458
2019,5,10,11709,76572,62618,90907,51265,18468,56548
2019,5,11,8147,38351,22090,61485,31757,8962,89215
2019,5,12,65594,5081,65259,60653,3532,6538,60257
2019,5,13,84450,74968,25190,94259,42003,41437,27368
2019,5,14,44331,1167,72177,56039,94090,34794,43298
2019,5,15,61707,19614,89845,86205,74316,11934,57689
2019,5,16,6072,87247,66903,71666,8679,48513,28670
2019,5,17,28563,55050,78926,29364,46369,20467,53622
2019,5,18,4724,61903,47341,49054,79421,19517,21445
2019,5,19,89863,54311,84742,51569,90276,40938,47773
2019,5,20,64591,19223,1813,70662,22821,18715,82327
2019,5,21,31499,33579,90996,60061,4980,36273,69424
2019,5,22,51348,6740,29398,72423,84994,26738,1477
2019,5,23,64415,96255,59273,54277,66917,10366,32197
2019,5,24,57192,67655,59969,38134,86877,11781,88795
2019,5,25,9697,46847,67474,57547,96777,8469,73960
2019,5,26,1756,61094,23383,53103,67833,19132,81878
2019,5,27,69178,62222,79706,33592,74828,38978,64220
2019,5,28,41744,15695,42768,15287,83349,2736,79772
2019,5,29,86577,80868,78566,96273,44066,46039,80171
2019,5,30,40842,20860,4130,42597,81953,43865,72052
2019,5,31,66137,12996,53929,35314,75217,33634,65258
2019,6,1,50044,88963,5829,8139,21009,48597,29777
2019,6,2,4357,67684,9548,90933,64904,4466,43557
2019,6,3,25321,50504,73727,66163,87715,27857,85111
2019,6,4,86019,21721,53514,68507,51068,23794,63821
2019,6,5,26285,73779,5430,92680,79093,27610,47171
2019,6,6,101,92558,56947,20809,60242,32847,78093
2019,6,7,41497,87312,31649,66817,54167,21728,79331
2019,6,8,41882,15936,90794,44252,54008,44307,62759
2019,6,9,5075,84453,32931,47711,58231,38360,56743
2019,6,10,37324,65969,73913,53776,58527,47211,14585
2019,6,11,35120,30057,2677,92968,17368,678,39784
2019,6,12,87887,88757,25467,29768,4692,16260,14019
2019,6,13,75051,76918,86777,96477,61370,19707,10540
2019,6,14,35953,74418,17282,73276,56739,41194,23403
2019,6,15,31617,38404,17987,83088,84813,37016,26055
2019,6,16,2180,87693,35838,90066,76449,11304,36185
2019,6,17,97492,93915,26556,72542,70833,29684,79018
2019,6,18,32202,65743,29557,68154,40160,13190,87781
2019,6,19,13250,70735,1184,44866,9139,35522,44305
2019,6,20,10303,72537,20359,28834,60229,22549,75252
2019,6,21,53029,50204,71436,50520,44119,14343,69413
2019,6,22,14951,44027,8431,63504,26121,4339,28010
2019,6,23,82632,17529,22142,95882,88263,23325,27099
2019,6,24,13753,75199,1404,40407,47735,21762,29241
2019,6,25,24316,94310,4492,93696,44514,42279,74216
2019,6,26,4984,22974,83628,19934,67000,8410,9789
2019,6,27,9472,79101,47798,92103,12981,19940,27984
2019,6,28,17595,9616,45083,47700,84814,12838,58106
2019,6,29,48901,84599,57346,89568,95261,28189,13263
2019,6,30,56126,86820,27478,61109,9793,27458,67394
2019,7,1,76792,52219,97182,2615,47671,44980,24717
2019,7,2,60651,31271,82701,78246,40886,44135,32297
2019,7,3,42052,6972,30402,7304,7922,4100,56871
2019,7,4,3182,98640,80133,59307,85459,23963,415
2019,7,5,95251,67772,17808,88394,19990,31342,31008
2019,7,6,67661,76321,85725,44663,7591,18425,69260
2019,7,7,64828,28911,81556,23231,35882,11958,30534
2019,7,8,43803,32409,27404,63337,31048,23889,72643
2019,7,9,16507,47851,59410,11757,15622,43569,40151
2019,7,10,51963,24910,7510,35975,17582,43234,30638
2019,7,11,41524,78010,19897,6352,6920,1453,49582
2019,7,12,59153,29762,76468,19308,78522,3871,22644
2019,7,13,9569,27759,21638,26075,91961,47399,84184
2019,7,14,7582,90968,70686,75897,32229,28195,18223
2019,7,15,49811,87781,8860,91334,65790,45109,54037
2019,7,16,89062,62913,59971,48214,9026,36438,47521
2019,7,17,87547,56660,66516,97115,84419,38154,59542
2019,7,18,76379,85552,10077,313,92871,30762,62561
2019,7,19,25100,75308,20783,74910,63088,45995,12595
2019,7,20,28878,91103,12984,17939,70367,39306,62504
2019,7,21,79392,25743,66377,66938,98754,32892,80404
2019,7,22,83172,37397,19945,75903,22949,46373,12567
2019,7,23,32171,27134,85127,57270,2442,22261,28531
2019,7,24,81881,68255,31126,10758,75709,10461,35048
2019,7,25,46075,49766,43904,41818,91860,10280,8755
2019,7,26,90613,59523,5511,90137,96920,41807,82391
2019,7,27,36220,88180,74957,68390,31665,26435,82012
2019,7,28,50458,98695,90542,32339,83302,38019,19448
2019,7,29,59010,98479,20848,21437,48244,14751,63254
2019,7,30,56455,91382,88361,47068,67256,10223,57204
2019,7,31,64175,52029,35946,16746,40208,10902,61488
2019,8,1,88225,3688,43499,38682,18734,392,41020
2019,8,2,18387,88411,46820,93749,3241,17667,35185
2019,8,3,51485,32417,94790,7939,40150,33150,51358
2019,8,4,7405,93372,24913,87932,61753,10858,1029
2019,8,5,18312,88111,22516,6536,8150,32366,35218
2019,8,6,43236,32758,32589,61622,37520,29408,35370
2019,8,7,40760,47074,70554,8596,95842,15344,2887
2019,8,8,35991,64845,4244,59748,74569,45509,57679
2019,8,9,36321,6366,68707,54632,10829,7575,21168
2019,8,10,18978,89940,6385,62213,39049,5325,73835
2019,8,11,76568,34733,95556,33680,81806,16110,12275
2019,8,12,94000,47805,75161,46342,12649,29405,76089
2019,8,13,3569,41265,53767,39889,47630,38826,74521
2019,8,14,74810,62752,55688,93788,52691,28424,32352
2019,8,15,8092,33748,12538,84659,84832,8094,58338
2019,8,16,82990,90555,76965,76989,54711,2125,83330
2019,8,17,83711,47881,29419,87280,89145,49537,67168
2019,8,18,53127,54714,21688,27936,17465,43727,88075
2019,8,19,86508,88502,26779,94599,22250,39316,25609
2019,8,20,23433,63761,30299,6422,70667,7263,73410
2019,8,21,25377,75739,23092,9088,23620,2510,26367
2019,8,22,29116,68398,23534,82242,39464,11574,50178
2019,8,23,56928,55300,64604,43435,43802,41382,34385
2019,8,24,82403,47050,49994,5835,27162,46644,48609
2019,8,25,97829,20258,12018,39557,95996,35109,78644
2019,8,26,19615,3970,45010,48731,88720,34896,87324
2019,8,27,28183,46469,73853,85110,18120,38457,34897
2019,8,28,61921,46190,99281,60675,9591,15626,2862
2019,8,29,36753,78621,11470,50933,98878,23487,30489
2019,8,30,94874,74948,55485,30840,95269,16846,9570
2019,8,31,83988,1741,26894,12170,64561,17098,3632
2019,9,1,82681,55554,58528,60953,18096,24160,1628
2019,9,2,27686,56138,20841,80790,34758,32310,1722
2019,9,3,49988,55796,38563,44861,47095,44047,85700
2019,9,4,42364,10892,71622,26351,28985,14867,34873
2019,9,5,93545,31964,68504,92577,3870,43383,83530
2019,9,6,21965,17542,91509,66002,90031,12349,46792
2019,9,7,41141,44658,94865,91128,16805,49779,42340
2019,9,8,63900,43825,28039,22615,71069,16012,25317
2019,9,9,53,30878,20189,9949,79194,5044,42526
2019,9,10,83063,48426,56055,21379,82320,13915,27380
2019,9,11,72350,76263,50523,29842,37272,45388,40969
2019,9,12,54076,11518,73308,34327,55343,17699,83293
2019,9,13,42763,33710,38610,59167,80940,25150,19115
2019,9,14,76485,80194,71640,59547,44971,44046,57277
2019,9,15,27290,7960,84656,15992,574,1531,5833
2019,9,16,37845,13270,66802,8273,24787,6461,42599
2019,9,17,96481,74159,32244,39243,24221,37205,38409
2019,9,18,21512,62354,83876,97996,58899,5515,33894
2019,9,19,3870,15913,71170,31159,23872,22177,87150
2019,9,20,24446,23707,9335,78642,36976,26136,46914
2019,9,21,61763,48948,45865,58243,39459,28108,73838
2019,9,22,80031,65312,28598,1542,44017,12473,65889
2019,9,23,2916,84340,89782,23137,252,10951,647
2019,9,24,24123,33127,34149,64920,73186,43483,59914
2019,9,25,10161,35970,46827,88275,84917,42691,46518
2019,9,26,40727,87150,76707,20757,68813,21656,12298
2019,9,27,29182,34129,54538,48449,18468,44319,41585
2019,9,28,35071,21621,42231,75545,71100,42731,6817
2019,9,29,44285,36213,16730,54445,72182,13556,32720
2019,9,30,73451,72599,5589,14177,76100,48647,71286
2019,10,1,44913,20302,89935,90446,54430,44473,8894
2019,10,2,89249,88791,10478,40671,26764,19060,86216
2019,10,3,97863,61791,73032,42147,14355,39761,46591
2019,10,4,2889,53316,55662,76339,42266,11250,86867
2019,10,5,18366,76248,58152,79630,96550,48087,40075
2019,10,6,50979,8911,25320,56580,97701,2149,17250
2019,10,7,24464,21208,29817,38678,99350,2848,20824
2019,10,8,13705,92608,93767,16593,62276,49428,59283
2019,10,9,20893,27030,32501,55610,3277,7005,75239
2019,10,10,99826,71443,21665,67157,80353,46984,70088
2019,10,11,94405,99132,53689,35221,36692,33506,83898
2019,10,12,52393,86353,54722,66097,95313,48488,19041
2019,10,13,73940,14267,24675,94832,41296,23528,50442
2019,10,14,60925,80532,2032,77102,51974,40049,14258
2019,10,15,32326,3384,697,26730,18868,4386,61950
2019,10,16,55559,37891,52200,7951,40595,6921,10400
2019,10,17,52259,71760,5792,42550,2378,46819,53734
2019,10,18,43674,20346,4175,20950,877,22558,78051
2019,10,19,69202,62606,58661,17879,65990,25709,34608
2019,10,20,84857,30094,22910,56767,84336,41461,31069
2019,10,21,41283,14733,87820,93541,86492,9964,26091
2019,10,22,88869,56782,6176,48894,93479,10350,26195
2019,10,23,10707,49259,84246,79908,28217,9258,67786
2019,10,24,10558,34966,58745,11766,81412,48006,54884
2019,10,25,65747,89466,65952,23381,4198,20124,16922
2019,10,26,7041,80087,69364,12262,36868,25539,51155
2019,10,27,30346,2240,47350,57404,67850,47947,57311
2019,10,28,96066,23556,51448,22975,58521,26544,24740
2019,10,29,39932,24550,19623,22031,30367,1927,25411
2019,10,30,50917,72050,78684,74309,52136,14399,36570
2019,10,31,5355,56289,64077,52052,58528,27778,29455
2019,11,1,42730,75724,63117,55147,15631,14564,68122
2019,11,2,74151,41107,29213,30435,82008,48836,68817
2019,11,3,28727,67114,14227,79643,39163,9263,63951
2019,11,4,7650,73661,56873,13004,29950,20949,31407
2019,11,5,4829,48726,90861,47558,40801,20329,52705
2019,11,6,56431,84892,97178,46933,42350,26390,13719
2019,11,7,24358,91577,62535,53084,58690,43114,9078
2019,11,8,14204,2376,19380,21853,76036,26252,21208
2019,11,9,22337,97200,32614,27166,62277,39826,34723
2019,11,10,19429,10154,93779,92211,95045,7308,59144
2019,11,11,53747,33698,32862,94456,25274,11749,33891
2019,11,12,316,4862,12968,14519,7237,48699,82724
2019,11,13,99624,24951,3931,21961,38502,36545,39126
2019,11,14,17131,92722,40200,36559,2876,331,48770
2019,11,15,14272,57638,84265,68018,7687,17126,88825
2019,11,16,49313,45226,42715,49628,50087,22034,80498
2019,11,17,73675,20733,33221,73299,45683,37152,65259
2019,11,18,536,90048,60736,34018,82769,935,80577
2019,11,19,1996,51265,15698,16268,25255,49962,70637
2019,11,20,32941,33439,79462,82253,78665,22176,28232
2019,11,21,28751,94210,28730,18778,14942,11950,52076
2019,11,22,76976,15453,87334,93863,5500,14421,47881
2019,11,23,88269,65355,14809,6616,32972,30506,2883
2019,11,24,74578,30467,23520,7518,80257,19333,76123
2019,11,25,58921,41508,54354,4024,52069,49435,42801
2019,11,26,83362,61385,14876,60337,76837,18561,80552
2019,11,27,98689,82981,98432,3309,64687,13240,29924
2019,11,28,14010,60097,32807,88587,6915,22678,56105
2019,11,29,87171,92010,18579,46092,49869,39284,66467
2019,11,30,1938,88719,5619,85299,50103,36846,71988
2019,12,1,43291,55406,32539,41979,54738,47322,85287
2019,12,2,35776,76913,55211,49786,37009,4369,18372
2019,12,3,60275,77046,50828,47445,85407,35758,9888
2019,12,4,35275,75042,76354,53564,63760,31972,48863
2019,12,5,13862,18817,17202,73504,90574,16092,15483
2019,12,6,61663,29765,77121,13791,6677,32331,3576
2019,12,7,60037,36699,18299,20311,30096,35479,67755
2019,12,8,15502,71236,93995,67129,46277,20348,40692
2019,12,9,10036,68672,75906,40249,3840,43107,23753
2019,12,10,10766,75550,45587,88780,5314,22707,2570
2019,12,11,11990,71390,82497,88378,24440,17148,68688
2019,12,12,54536,2626,92795,86389,73861,36789,83517
2019,12,13,36490,73488,74209,62877,42159,114,13126
2019,12,14,62351,59573,33230,89468,35122,45168,78247
2019,12,15,56788,34226,97169,68777,5615,29665,53507
2019,12,16,30055,13164,82194,84590,15789,41340,20978
2019,12,17,6002,78128,40847,42491,67968,15055,25367
2019,12,18,26478,81520,24844,88828,57444,24425,58295
2019,12,19,8918,85944,72894,65705,20170,20062,70833
2019,12,20,25784,66078,24339,72190,79242,22885,3131
2019,12,21,11382,14224,60461,17383,8704,1307,16225
2019,12,22,76671,32713,97944,19500,30584,22787,28328
2019,12,23,4380,13564,2974,13297,99507,42219,65353
2019,12,24,36028,62280,46185,78164,44710,20524,20353
2019,12,25,23951,93408,39836,35332,23983,296,69067
2019,12,26,32686,17954,45291,25708,50666,43234,35208
2019,12,27,97601,82373,69887,1980,12288,39212,45276
2019,12,28,11794,81431,10628,64174,60062,23165,12337
2019,12,29,4771,60040,9041,45073,69799,15228,6757
2019,12,30,93781,65523,65823,42819,99828,27465,74878
2019,12,31,50493,70699,46437,64446,69423,32675,36425
2020,1,1,81710,21887,98053,93503,19669,25032,54028
2020,1,2,79730,98196,32716,84501,58235,41757,5925
2020,1,3,44385,6984,42681,38166,88859,24855,87336
2020,1,4,88686,52320,98565,55531,39370,45002,59976
2020,1,5,8792,77676,86400,90501,15914,34452,10355
2020,1,6,35582,9484,74383,15312,24031,7098,16164
2020,1,7,98618,65206,78440,43002,88542,21121,57519
2020,1,8,77400,62327,94854,82437,30998,43419,27967
2020,1,9,70367,54772,74294,79158,32447,10694,36010
2020,1,10,64713,61497,86365,294,87332,27099,21957
2020,1,11,11363,84196,48120,9980,65754,42912,49333
2020,1,12,54295,64032,66852,48046,42710,11705,66834
2020,1,13,73708,71475,1153,44074,26246,25446,59584
2020,1,14,75045,52491,25593,39757,13988,28309,26402
2020,1,15,1319,5407,88359,29033,5955,2830,5364
2020,1,16,71708,95741,24697,42354,76124,41548,76751
2020,1,17,18834,69604,53584,8893,41079,4736,2966
2020,1,18,83676,30182,8901,58720,82672,846,4828
2020,1,19,13011,79154,71230,30682,84561,25940,59714
2020,1,20,90515,28769,31430,78574,40862,6126,30927
2020,1,21,33337,64025,27677,52170,33628,47612,87414
2020,1,22,91058,68700,30380,74734,98881,5632,43453
2020,1,23,97904,6477,64633,27267,85631,2214,7948
2020,1,24,70191,28153,34013,77057,73273,31794,15630
2020,1,25,30486,37919,92908,63823,1943,36936,42344
2020,1,26,51923,34547,9758,42980,3246,6489,47713
2020,1,27,18478,12120,67518,32734,18597,32150,70000
2020,1,28,20579,84363,34299,90769,28867,34663,44177
2020,1,29,2139,66457,39806,48977,20727,32713,2799
2020,1,30,22670,86000,45142,90944,20546,4899,73923
2020,1,31,40144,11387,51636,74973,39859,19153,27706
2020,2,1,58455,67654,84057,79033,68368,34707,66153
2020,2,2,13586,35722,70329,32076,2178,26486,51052
2020,2,3,22904,75550,93850,61925,61549,5344,79220
2020,2,4,98446,10242,3143,54941,37981,4778,19914
2020,2,5,77839,90282,53971,52645,74287,4380,1677
2020,2,6,59006,89086,34181,72591,41159,20861,34666
2020,2,7,43336,47346,2070,82592,39247,45919,40868
2020,2,8,17147,51262,30088,15592,77856,49582,26885
2020,2,9,32188,20711,16798,26378,27344,20768,79022
2020,2,10,1630,41499,27050,76987,46937,11230,29577
2020,2,11,88095,82090,70594,47783,45787,22663,6726
2020,2,12,1385,84934,7593,18531,52547,4032,474
2020,2,13,46754,19965,37358,78941,40675,20507,41670
2020,2,14,68018,57627,691,85999,99125,27740,52985
2020,2,15,46061,5321,28913,50508,3762,49507,38290
2020,2,16,65900,88521,45015,67284,73454,18959,42166
2020,2,17,42353,39343,68992,89106,59307,22701,14399
2020,2,18,99982,93208,6068,67999,67186,23111,63998
2020,2,19,82662,50850,16982,45075,72523,45895,75582
2020,2,20,76284,61753,93871,42184,66625,38885,85819
2020,2,21,40079,24195,27985,98783,63537,46976,64240
2020,2,22,22844,36028,4990,22825,45587,11058,57175
2020,2,23,12772,50520,61172,95434,1369,44506,30508
2020,2,24,73891,56752,52441,66527,34856,46311,38710
2020,2,25,1480,1547,34528,57910,25741,28864,76692
2020,2,26,89278,92191,77284,12121,28219,32273,41297
2020,2,27,73805,9682,58471,86577,60201,35995,48362
2020,2,28,77922,30500,55221,68164,3603,7661,4690
2020,2,29,54810,70323,59751,56289,88221,10631,10551
2020,3,1,13961,89494,3594,19590,81685,30877,48062
2020,3,2,9903,63150,99358,83707,89183,7829,86635
2020,3,3,49384,10175,84996,43657,57026,6568,11820
2020,3,4,60628,80580,62862,31789,50902,22612,88077
2020,3,5,55474,33242,18627,85787,39088,22221,25376
2020,3,6,20772,19449,69790,30674,82598,19147,60732
2020,3,7,88133,43327,17367,37516,53501,18714,67524
2020,3,8,10526,75282,9343,87505,72213,22204,19293
2020,3,9,39467,11168,23722,94940,60761,8700,40726
2020,3,10,99848,97272,86102,36971,16721,5891,47644
2020,3,11,15670,41389,14728,3802,1068,48446,67669
2020,3,12,70920,67159,55192,97798,58792,30887,25302
2020,3,13,31005,69442,20947,70471,80609,11020,75410
2020,3,14,57722,19719,62488,57569,16991,14941,60892
2020,3,15,50063,20831,78535,65732,78571,9614,69534
2020,3,16,79638,58059,43554,50558,25218,48746,68355
2020,3,17,361,79632,50008,47717,49073,37306,24539
2020,3,18,46034,64677,16301,3755,84396,28788,87675
2020,3,19,17738,43728,88566,67800,80910,33453,89883
2020,3,20,59480,9418,35768,55470,67477,29322,72379
2020,3,21,9046,94419,87085,25758,74050,3444,13475
2020,3,22,39474,40750,8013,1859,21778,24313,5613
2020,3,23,6173,19452,99640,40262,63179,4557,24413
2020,3,24,44088,4361,74296,19920,13779,10063,65389
2020,3,25,97607,89384,14119,6652,83802,1203,12409
2020,3,26,74203,54646,22235,30029,11747,30248,31887
2020,3,27,33525,70912,53852,56049,90364,19843,12663
2020,3,28,53542,90751,37075,13982,95112,11370,70253
2020,3,29,25242,37785,41993,22848,43520,6111,75851
2020,3,30,43674,73665,94611,34228,28310,16846,4256
2020,3,31,56409,47093,96143,6285,34356,16346,88685
2020,4,1,24719,36188,91347,94613,26938,44774,24946
2020,4,2,38401,72495,75198,63642,10279,17190,82841
2020,4,3,70151,89652,65043,13824,63316,9654,58051
2020,4,4,91625,76499,12307,64385,39943,24801,67021
2020,4,5,74298,7498,65706,15369,43685,23404,76333
2020,4,6,86974,34529,67630,41727,7024,42827,31720
2020,4,7,33654,76368,24561,3804,66019,5955,53979
2020,4,8,29334,65608,82030,37310,58458,10688,41695
2020,4,9,98400,51840,5067,89050,59337,37124,10770
2020,4,10,19373,60528,47102,22698,11408,14731,24424
2020,4,11,18431,73909,86144,68437,50276,27056,8592
2020,4,12,16294,33010,22571,61979,14970,20952,69288
2020,4,13,73427,31639,17334,71827,99830,22401,7228
2020,4,14,59166,9524,97997,94890,86403,11450,57587
2020,4,15,14163,76180,82011,48945,66440,34506,17381
2020,4,16,16715,11561,5973,49360,60922,44895,31338
2020,4,17,75891,65846,26977,49318,97484,44311,47496
2020,4,18,97313,83063,14723,72830,92586,12719,37719
2020,4,19,95341,74168,1657,9503,66699,33667,28447
2020,4,20,33138,84524,92180,66204,96084,14504,65563
2020,4,21,73358,59398,43252,49248,25243,20228,4917
2020,4,22,39078,14538,52412,52742,97600,17134,1923
2020,4,23,6538,96204,9641,18230,86723,11297,57732
2020,4,24,53421,11316,2530,86558,95839,44709,12761
2020,4,25,8275,9212,84675,97984,84961,27926,23583
2020,4,26,10203,14506,78500,65632,45395,47263,58373
2020,4,27,42995,14397,60295,65884,26952,36287,74113
2020,4,28,13675,13936,28196,67095,25251,47077,40005
2020,4,29,37441,58138,39117,62067,83701,23792,70050
2020,4,30,68662,68069,23633,78864,82574,2132,20848
2020,5,1,27969,49394,79220,87315,80142,5867,39550
2020,5,2,23446,42153,70014,37120,56088,14561,60566
2020,5,3,97690,77989,6922,35131,36126,46039,87197
2020,5,4,19827,86182,57247,88488,70602,47231,63703
2020,5,5,69528,99362,44550,13848,65107,40122,47514
2020,5,6,61601,95988,87063,85046,38140,23428,58517
2020,5,7,10580,87988,75434,8269,65976,32356,39751
2020,5,8,18454,28394,56948,38280,30927,30546,33119
2020,5,9,17880,27776,43173,87407,43489,4075,41254
2020,5,10,24947,44196,18767,86547,56535,22181,47944
2020,5,11,11026,95608,26460,21605,99947,18246,26226
2020,5,12,82275,601,5976,728,45346,12923,59007
2020,5,13,92624,9820,98477,10503,37595,41649,27910
2020,5,14,81083,45723,15515,6030,6270,634,28928
2020,5,15,62804,89166,96872,73830,84774,39683,15434
2020,5,16,1072,57928,41659,83346,74880,13987,74073
2020,5,17,20225,26909,39431,12848,36729,4259,73351
2020,5,18,90675,95908,37612,88110,57982,3126,40491
2020,5,19,64252,20111,19418,43407,9277,32641,27236
2020,5,20,10402,88676,29022,11473,62955,37032,71171
2020,5,21,37835,51018,95243,74411,77927,1026,23611
2020,5,22,31007,5284,43313,38033,17543,30924,56142
2020,5,23,75525,50401,36632,56128,70512,6050,49534
2020,5,24,79788,5042,16770,90189,93717,45791,58013
2020,5,25,73024,49174,29183,27210,192,40778,61620
2020,5,26,94470,91803,5230,41828,13438,48542,59860
2020,5,27,30981,45817,6002,22857,12570,42633,18984
2020,5,28,83081,15034,78517,79220,20076,11638,85760
2020,5,29,30144,73780,3772,19519,22954,49307,76728
2020,5,30,39497,90084,48348,33966,98238,19929,75793
2020,5,31,11675,34823,72004,59007,80639,28005,21863
2020,6,1,93208,36990,77198,92640,52023,5715,71859
2020,6,2,88450,83704,73970,34946,57484,44094,74464
2020,6,3,96789,43400,1192,36285,49835,15891,6602
2020,6,4,64424,35819,78746,76098,70641,749,11457
2020,6,5,67632,28754,49671,77191,65743,26869,89831
2020,6,6,34117,98935,58041,38919,82638,48363,3864
2020,6,7,56473,42456,44679,69613,2207,45870,32249
2020,6,8,52041,11760,8850,16464,63931,3947,8913
2020,6,9,50923,54696,76721,18554,99801,26392,52097
2020,6,10,65543,53260,98279,16011,52194,22671,64929
2020,6,11,34831,21033,45144,7656,79840,39823,67268
2020,6,12,82046,52044,99517,50438,80156,24718,83253
2020,6,13,44086,28665,92166,95008,83360,35238,9914
2020,6,14,99512,11629,58362,65054,64888,6640,77416
2020,6,15,33433,29310,68697,68264,66695,13840,42271
2020,6,16,46534,3662,69538,44932,55706,35406,15369
2020,6,17,35861,26476,78622,96298,55140,37139,27657
2020,6,18,54851,72376,53922,54362,357,12283,25767
2020,6,19,65244,68922,33182,15029,14584,18230,89644
2020,6,20,97630,32070,91914,44163,52083,27803,5446
2020,6,21,7788,79561,17167,60000,6036,12140,22649
2020,6,22,61175,15630,80306,32377,4357,34227,6738
2020,6,23,4713,46510,22504,86309,31783,22037,41337
2020,6,24,62718,90267,980,60347,38688,42893,30862
2020,6,25,90770,87047,26307,14910,66607,9825,64909
2020,6,26,72642,71964,63910,50168,87593,44215,62544
2020,6,27,91950,94793,69281,96662,57654,8136,39322
2020,6,28,5789,96525,658,68506,3143,17989,5205
2020,6,29,41830,27233,66066,48951,14280,8724,83860
2020,6,30,80886,68549,55121,69880,56864,19030,20047
2020,7,1,44457,79596,2591,52758,74388,38223,85771
2020,7,2,48394,96359,65093,54182,9235,15750,49039
2020,7,3,28729,83739,84243,70558,10971,308,39508
2020,7,4,41602,75384,99720,22488,60284,4840,82367
2020,7,5,17147,73869,28765,77955,53464,31355,712
2020,7,6,44203,19578,96483,92596,32288,11575,43129
2020,7,7,41522,43676,2168,70250,43766,36410,67159
2020,7,8,54737,53070,93018,12690,28453,9089,45177
2020,7,9,5088,63928,43895,22234,54148,39012,60189
2020,7,10,23963,20366,47252,68166,56295,43734,87113
2020,7,11,88582,21660,40242,46455,65336,42409,73056
2020,7,12,9101,45170,6566,80189,98239,15936,2879
2020,7,13,43043,25024,44407,48130,88952,4654,6716
2020,7,14,59451,93665,3256,83414,30382,507,7931
2020,7,15,86677,10593,61395,91610,32252,1636,24417
2020,7,16,13939,60396,3824,23040,5566,26742,69580
2020,7,17,20156,59029,12458,63199,84052,23217,77680
2020,7,18,89355,77870,14395,48806,87886,17650,8571
2020,7,19,18267,84509,16501,21295,95101,27895,89257
2020,7,20,43704,95883,25,57643,72630,20200,37034
2020,7,21,78195,46941,16613,14703,5969,45423,47901
2020,7,22,6373,34991,5580,12079,29212,36327,30884
2020,7,23,17097,70328,25806,51715,54836,8658,89362
2020,7,24,66288,36553,34970,9992,48787,34994,33986
2020,7,25,21416,55193,81019,15963,18486,13983,40665
2020,7,26,40806,75757,24917,63530,10747,46848,15609
2020,7,27,39958,83174,52844,73406,53502,28650,65121
2020,7,28,24689,37307,30834,90977,90211,15803,80968
2020,7,29,38997,796,1305,60413,72340,48675,6375
2020,7,30,7177,29009,23391,47983,4766,48307,31512
2020,7,31,31864,95154,3472,71822,94680,6316,55227
2020,8,1,48181,34965,86699,72869,88623,17532,33845
2020,8,2,78834,99686,81164,17830,16833,48820,64594
2020,8,3,89173,97494,87320,12701,26503,10710,7035
2020,8,4,47620,75368,4899,79483,70522,8370,61304
2020,8,5,65201,64685,12883,29733,16001,15933,8953
2020,8,6,4624,49817,99150,99809,49502,30313,43990
2020,8,7,66335,95485,28584,71859,92978,32255,74559
2020,8,8,35832,59317,77946,83451,34684,32844,12934
2020,8,9,21557,91213,30589,3109,72250,9823,62841
2020,8,10,4602,75756,51794,25577,25572,943,55385
2020,8,11,91425,47607,59375,57759,43091,4310,55969
2020,8,12,52421,52916,30528,4604,12232,8473,78055
2020,8,13,46916,7668,67340,68472,15232,14280,11581
2020,8,14,87481,90455,20773,92083,66210,22566,64011
2020,8,15,8133,39860,59396,99557,3819,35122,73668
2020,8,16,46909,55783,19636,15681,8698,16515,30285
2020,8,17,20930,91339,24691,84197,99006,8382,29020
2020,8,18,14238,39013,56952,18070,29467,27725,76504
2020,8,19,12028,66642,60515,20160,22854,36262,26069
2020,8,20,26672,71383,26088,89932,27165,12075,75613
2020,8,21,52214,28590,42249,73143,36280,16939,73691
2020,8,22,51638,91672,59063,65875,30684,16014,40296
2020,8,23,60151,10090,43152,72178,93084,3666,88690
2020,8,24,15937,39927,44758,58960,27661,37197,18891
2020,8,25,54825,49271,70855,7038,94212,13103,66533
2020,8,26,30492,96393,86575,82129,88064,45637,54355
2020,8,27,18748,61651,64650,78898,88092,7801,37427
2020,8,28,81175,27818,76116,13463,67744,37225,8774
2020,8,29,11756,24421,54017,66580,73692,24871,49970
2020,8,30,67903,54326,2854,98394,50718,39428,36874
2020,8,31,55134,35065,61228,73881,13067,42230,59130
2020,9,1,17510,50030,36556,15037,94200,29024,14851
2020,9,2,61943,66248,33625,73699,90669,37641,76630
2020,9,3,80712,28863,62951,48614,83188,15804,13360
2020,9,4,50258,71584,76585,5391,23000,37813,55623
2020,9,5,36066,80042,64752,69927,46423,17659,54963
2020,9,6,40622,46682,46166,18917,29282,29790,8967
2020,9,7,19950,83782,65596,661,28996,28547,55626
2020,9,8,12184,10702,45337,78793,82285,21922,44183
2020,9,9,5284,59734,96157,57701,56127,10908,23980
2020,9,10,2549,94918,28942,43171,57952,41459,62087
2020,9,11,87233,71248,71053,7182,71381,3000,24194
2020,9,12,377,97898,6171,28912,24952,1508,57704
2020,9,13,7236,89781,8238,28872,65866,4394,46572
2020,9,14,21992,81653,46903,40892,92922,25845,64062
2020,9,15,50873,67303,62500,38105,54903,49904,41638
2020,9,16,42635,2904,2183,43011,17153,8354,48274
2020,9,17,42104,76213,12329,49340,82345,20566,34563
2020,9,18,48210,41311,97486,86553,22963,44389,87444
2020,9,19,15885,36585,11506,66757,3887,40357,81214
2020,9,20,75141,40261,99203,34128,59516,1386,43490
2020,9,21,76668,26091,81764,18772,18655,44092,74463
2020,9,22,17351,31010,79025,65560,72320,26510,42112
2020,9,23,95283,20898,95907,27519,57482,23764,627
2020,9,24,77721,14121,48192,69213,54381,47395,73340
2020,9,25,13896,65132,96830,6915,7574,28593,65686
2020,9,26,26228,89036,10148,59930,20045,5524,85489
2020,9,27,8717,98386,93952,3999,19283,39858,7869
2020,9,28,93117,29974,58495,87189,44094,6687,36401
2020,9,29,14826,70433,76093,28721,35564,22922,1987
2020,9,30,43137,67866,77673,85716,73253,4172,35645
2020,10,1,9650,26048,87485,18366,24433,47788,12364
2020,10,2,60067,3997,86584,53183,33970,11430,16723
2020,10,3,78063,68116,13124,92888,54900,39216,87960
2020,10,4,90463,78489,6299,49951,62706,33971,52018
2020,10,5,35958,4494,14014,45607,46893,17850,83972
2020,10,6,71325,15637,2687,31392,35986,5622,926
2020,10,7,69955,67052,57649,64370,51519,37124,43609
2020,10,8,6419,92691,27921,13233,71179,34219,83184
2020,10,9,50236,34541,31553,2545,55386,45567,78152
2020,10,10,2279,63416,28475,73603,95405,47514,11346
2020,10,11,31390,69487,22272,17696,36538,46272,62065
2020,10,12,88057,83395,72026,10827,76085,49946,24059
2020,10,13,63615,34164,3594,13850,85056,35147,76394
2020,10,14,40441,97065,80897,42719,76832,25724,66322
2020,10,15,88588,89589,54019,36329,59075,26290,34025
2020,10,16,95613,88913,52441,21,72307,24466,40847
2020,10,17,48391,24411,51257,12005,74926,4851,82206
2020,10,18,59981,6349,74952,422,19765,5848,53140
2020,10,19,96596,97923,75813,1536,87511,29832,77864
2020,10,20,46586,22473,91888,58550,11386,44329,48570
2020,10,21,44,68794,85768,64787,9557,37024,23143
2020,10,22,84482,91874,35349,60815,14574,10300,51236
2020,10,23,34338,82499,20727,47286,80422,12892,68821
2020,10,24,84284,59075,86684,30869,97899,44924,45770
2020,10,25,25636,39252,80691,25680,24397,16458,40466
2020,10,26,50305,3482,83608,51139,11707,18956,11953
2020,10,27,26281,45607,89540,76970,44458,10266,34255
2020,10,28,24879,39509,73075,25514,98583,9759,66383
2020,10,29,96482,54682,78504,38469,10285,9195,84148
2020,10,30,51033,25652,54613,1338,45485,4573,42476
2020,10,31,73544,89880,80780,16176,35487,20319,33145
2020,11,1,79944,96936,17400,21174,52797,6826,6687
2020,11,2,51379,66584,19421,64212,37617,14277,12681
2020,11,3,64253,73471,83180,15286,15474,37793,62975
2020,11,4,77311,8717,1802,50854,98596,32581,83381
2020,11,5,34082,69251,76525,30377,82538,10276,47902
2020,11,6,35334,17102,30941,3065,37,16713,53628
2020,11,7,54006,80989,2660,18258,54459,35840,29895
2020,11,8,69933,39984,82869,63595,48700,1022,30800
2020,11,9,47295,99954,14180,97729,69204,7056,4457
2020,11,10,68094,33684,12359,19779,50785,43299,2843
2020,11,11,67173,26363,22823,21178,7352,25482,49436
2020,11,12,61810,11321,89330,48094,51304,38551,78040
2020,11,13,16355,89572,58839,63650,5878,23018,71378
2020,11,14,75081,96426,5834,59526,30109,34544,69305
2020,11,15,97245,94194,18499,64417,20557,41321,15595
2020,11,16,27908,66803,41382,6069,94475,47063,70515
2020,11,17,62131,51965,98554,78485,57889,23745,68486
2020,11,18,63766,46762,36215,55198,59539,8401,84724
2020,11,19,89647,92944,10380,86891,87138,28878,41308
2020,11,20,24046,86551,53254,68305,53353,10987,60725
2020,11,21,64179,58049,77591,42661,26366,42497,81146
2020,11,22,84254,66241,95983,48019,29354,32198,73216
2020,11,23,88893,90598,17939,78539,99893,28318,61782
2020,11,24,3382,73548,49441,27427,60098,19046,12083
2020,11,25,29802,30032,2808,93980,4432,30398,82993
2020,11,26,30797,72894,90490,15050,39134,36472,79420
2020,11,27,84840,18669,82636,73732,25618,16926,78622
2020,11,28,25511,61596,50403,28892,35143,16195,52671
2020,11,29,11592,35240,84753,41393,65271,37560,11724
2020,11,30,86055,84310,4716,16851,57203,45205,8253
2020,12,1,12689,81677,27672,13880,16697,26659,67611
2020,12,2,42315,43585,56232,84177,21532,22987,43068
2020,12,3,56674,39181,2090,84617,90773,36843,86009
2020,12,4,72395,90754,77732,58449,75063,48800,41652
2020,12,5,48618,94004,56256,77658,92032,279,31537
2020,12,6,25081,26938,79147,83747,86874,1730,67923
2020,12,7,8405,91068,97342,81430,46601,49432,6046
2020,12,8,37373,2626,8406,26119,93379,2489,64568
2020,12,9,68442,1288,92571,17059,11644,48826,54716
2020,12,10,20027,65456,2604,45107,92393,31750,25205
2020,12,11,95618,49831,13127,20374,40899,26821,21803
2020,12,12,3851,42604,84200,41223,45229,42605,57341
2020,12,13,54959,95094,68260,23400,12733,27182,56810
2020,12,14,24376,42359,67877,44403,7815,20480,55861
2020,12,15,16559,52229,51066,12177,18412,30544,32550
2020,12,16,75662,23716,50705,79512,66319,1256,7086
2020,12,17,27899,43861,20778,82858,55306,5390,32609
2020,12,18,68038,82571,79419,8766,24930,47295,19520
2020,12,19,49096,17775,75380,65654,86355,42797,67830
2020,12,20,21118,39693,26732,96779,63408,43788,66290
2020,12,21,46079,45043,29727,90329,5255,505,59538
2020,12,22,60560,55894,12147,44950,38464,41565,43715
2020,12,23,79745,55211,23234,28840,89337,14965,34494
2020,12,24,92044,57762,88675,13161,13806,31758,59940
2020,12,25,77213,41897,2581,39643,86940,32308,29972
2020,12,26,92194,99164,19509,69106,55057,31655,24055
2020,12,27,9872,39571,84121,5969,11134,7354,81160
2020,12,28,470,22318,45653,92513,96431,680,22026
2020,12,29,10236,98789,48317,3801,40686,897,43443
2020,12,30,43977,99556,73414,52522,98719,9275,81627
2020,12,31,70127,57281,52033,96351,96852,36153,22319
2021,1,1,24337,43506,53478,24806,82176,15483,43671
2021,1,2,78606,82514,72048,5194,81302,20364,28994
2021,1,3,38339,71260,52436,82315,87168,42202,44837
2021,1,4,2238,67828,72815,72365,25108,24848,65067
2021,1,5,38311,61000,3737,62647,20858,7214,83805
2021,1,6,19385,89048,53827,14342,87913,25874,29535
2021,1,7,69215,46237,44880,23905,33848,13668,16220
2021,1,8,21015,72221,57408,23253,40048,30222,21969
2021,1,9,65155,55069,97035,19818,32421,771,82464
2021,1,10,69630,74336,2620,89014,79736,6446,49707
2021,1,11,67648,98671,39242,53214,44907,473,47119
2021,1,12,78755,14140,99690,16121,86360,7097,59373
2021,1,13,42759,87318,67693,24266,42387,14727,74083
2021,1,14,91159,81849,42898,60788,56185,45518,56153
2021,1,15,52272,18315,85859,19919,16986,41452,89485
2021,1,16,78244,41925,66603,56998,72416,16292,83119
2021,1,17,58776,23388,28843,17886,27057,46536,82151
2021,1,18,85795,77614,86233,76953,59463,45483,84092
2021,1,19,31999,91000,36596,84270,25666,22455,10540
2021,1,20,42651,80258,10024,20895,22182,42978,54244
2021,1,21,94598,75621,83714,69725,15360,28909,33962
2021,1,22,42417,41796,46113,28211,19409,48697,85164
2021,1,23,95223,94179,75607,43573,1530,12203,87842
2021,1,24,27196,51009,64734,86198,31266,41109,83444
2021,1,25,69800,84087,34040,80749,59707,34105,16825
2021,1,26,75067,63013,70786,17483,4808,16898,62045
2021,1,27,40569,81947,83560,35791,76125,9167,19364
2021,1,28,94007,87721,23557,37554,38729,38290,13751
2021,1,29,69994,95751,63547,56145,79837,47586,86893
2021,1,30,55895,31690,3717,30961,11055,40855,74795
2021,1,31,15862,24104,43192,56430,6050,26751,38573
2021,2,1,98527,85917,87936,92533,73637,11492,20086
2021,2,2,28717,16134,70188,15063,11884,33734,1207
2021,2,3,8072,47671,8100,63966,95713,28168,41279
2021,2,4,6767,19022,92425,38980,43126,35616,21762
2021,2,5,49175,62367,20334,47701,64635,24621,46585
2021,2,6,54624,52464,3022,83340,68597,23210,8402
2021,2,7,96832,23295,69609,4903,87318,44060,55221
2021,2,8,83030,22227,12851,6148,57601,5275,71479
2021,2,9,726,57243,89592,66252,19609,9925,60305
2021,2,10,595,50897,86889,55218,3361,39911,44910
2021,2,11,71957,79472,53311,85141,2766,39271,70043
2021,2,12,6435,49682,91615,89464,88261,4465,81963
2021,2,13,45861,9740,89794,46586,66982,29385,59189
2021,2,14,2942,5662,59493,19888,56558,46382,35106
2021,2,15,59918,52644,30015,48227,32115,49677,43367
2021,2,16,51232,55300,39761,57667,21333,31376,63482
2021,2,17,9593,35840,91797,55453,61931,31590,68390
2021,2,18,45264,60974,47579,64557,66635,7071,44445
2021,2,19,39545,69804,75902,99462,38799,22268,57688
2021,2,20,70913,38296,81054,38497,93595,20815,22515
2021,2,21,31280,68542,92348,40872,20733,34144,12677
2021,2,22,82664,82085,47418,44279,43059,11348,55188
2021,2,23,26045,34771,9632,65589,4574,1885,51403
2021,2,24,43373,24152,29090,30637,62447,10144,75485
2021,2,25,72394,47310,14351,3673,15851,6699,40896
2021,2,26,36583,7194,73572,35598,89279,20990,16229
2021,2,27,48689,48689,21416,74733,83459,47399,46674
2021,2,28,4385,49283,38076,64109,89786,33517,31097
2021,3,1,52232,10012,96582,40977,57321,27284,44649
2021,3,2,89523,33982,5545,26106,41176,45468,28055
2021,3,3,30454,32809,74283,95494,81498,45698,36578
2021,3,4,64956,59448,43251,69340,8730,47678,43448
2021,3,5,98515,97547,44545,67099,7558,7478,88075
2021,3,6,64879,84761,69076,70753,35095,40972,73210
2021,3,7,76270,2791,91265,23075,35600,15547,28568
2021,3,8,17097,77597,21497,98404,37044,14748,44096
2021,3,9,62126,78777,33895,76992,92675,44791,4090
2021,3,10,233,52268,68517,81463,53381,3944,62215
2021,3,11,88475,44915,65425,81096,64057,23041,20522
2021,3,12,99656,38587,55441,33104,32535,26937,61508
2021,3,13,85931,58036,31955,64408,53165,15849,11399
2021,3,14,45839,60640,85489,46071,29259,20357,23885
2021,3,15,98991,24300,96100,3817,85566,27876,34912
2021,3,16,49622,50916,21785,65630,5854,43577,18733
2021,3,17,54741,70514,46592,40671,44901,28546,35078
2021,3,18,98065,44395,46476,60256,21386,48316,32678
2021,3,19,50644,35024,66563,65987,59323,12662,89803
2021,3,20,61240,56889,54715,10862,7804,42851,76491
2021,3,21,30009,86428,91575,84749,73293,38167,1771
2021,3,22,18193,33064,46848,32610,93810,9676,52865
2021,3,23,15195,74343,15542,82191,9367,48456,8177
2021,3,24,85041,77469,17979,46281,34357,39045,63494
2021,3,25,58512,98248,66336,88521,84675,7910,29621
2021,3,26,74319,12428,31392,92511,45492,44591,81472
2021,3,27,55653,20618,34336,70848,94961,16230,89390
2021,3,28,20679,64685,33918,5719,42154,1896,8351
2021,3,29,92862,57293,41844,51374,55540,8179,16246
2021,3,30,56566,82441,45866,30884,94868,27257,79746
2021,3,31,56711,88200,81218,12364,8817,31905,73211
2021,4,1,20129,98134,68952,40807,79171,2869,32878
2021,4,2,37676,71116,31228,30537,28408,39424,68262
2021,4,3,299,97602,54507,56864,80042,16725,54099
2021,4,4,91262,93981,43845,47972,98532,25062,50335
2021,4,5,7349,56966,59897,27477,71452,45200,48284
2021,4,6,66974,48068,47513,4649,19184,28740,11537
2021,4,7,63943,68163,66151,64242,82117,37009,77457
2021,4,8,78510,53733,41556,69771,64066,1752,64095
2021,4,9,62597,26813,10781,69945,130,20678,27422
2021,4,10,71581,15877,82057,38554,80297,45921,69554
2021,4,11,15832,24660,11091,79774,9175,27241,50367
2021,4,12,7643,30601,14176,86152,84334,22083,42275
2021,4,13,48399,73834,6369,10995,646,17149,47292
2021,4,14,775,4178,11065,88708,36407,9473,27261
2021,4,15,16703,55393,3167,32534,96404,14257,38659
2021,4,16,21930,7849,89026,29572,38449,3201,2076
2021,4,17,39134,91635,4350,87532,65468,27070,14879
2021,4,18,82465,44218,28522,99591,64748,39586,38298
2021,4,19,1154,65410,31911,17856,37154,35077,46741
2021,4,20,33557,65685,95399,55487,89885,776,81410
2021,4,21,44685,20328,33485,83819,11962,4186,1350
2021,4,22,93781,81255,2580,76245,41825,47453,25836
2021,4,23,6572,3390,80485,7725,68799,28747,31932
2021,4,24,5952,80175,25024,55861,45859,36774,21347
2021,4,25,52095,37550,29108,96780,74229,28945,30598
2021,4,26,2543,33130,68299,96323,30737,37231,48920
2021,4,27,72561,34683,81107,95484,38073,11591,59560
2021,4,28,6871,6690,61491,29175,86864,2866,85035
2021,4,29,49075,39639,12733,1169,93540,8192,74300
2021,4,30,84121,37136,94897,86663,86618,29548,19337
2021,5,1,17354,66778,88256,6266,17812,19362,11749
2021,5,2,55884,47305,21308,79107,70346,49150,24633
2021,5,3,57209,18367,9667,6283,58005,38751,63804
2021,5,4,67897,96942,38103,52017,50430,49352,35031
2021,5,5,37047,28899,70719,54400,12028,25327,10665
2021,5,6,29839,61040,78765,2075,8344,72,31181
2021,5,7,78689,15573,22165,52250,33939,48183,44884
2021,5,8,8295,86933,98687,76191,226,3142,4559
2021,5,9,50655,2493,15941,87701,31391,36660,88452
2021,5,10,59770,61986,35468,89608,23025,14232,48034
2021,5,11,47721,30655,89214,42761,46227,27730,75010
2021,5,12,96517,75912,69894,4812,79196,34932,17354
2021,5,13,79422,38073,41913,46428,40565,7853,50481
2021,5,14,88307,60864,8932,48076,22849,10752,34036
2021,5,15,62226,74983,62069,9946,5638,17635,52706
2021,5,16,68216,95364,64068,64733,71276,33961,49544
2021,5,17,50471,18892,66897,46244,56965,25161,72672
2021,5,18,13881,99366,59504,2188,60229,34787,16615
2021,5,19,99430,45538,20650,61655,36873,32719,61600
2021,5,20,42510,50353,40657,27077,62068,4724,51809
2021,5,21,33343,38684,77704,166,73928,10953,66409
2021,5,22,47244,86113,55432,61124,85478,31287,9663
2021,5,23,62059,16074,46278,61488,77963,16927,83142
2021,5,24,14835,65997,11093,73696,32701,1749,40773
2021,5,25,94769,56473,8933,44463,11508,2989,24628
2021,5,26,85435,63941,7389,49030,66405,29172,86506
2021,5,27,51883,10459,6168,30293,42884,18797,1780
2021,5,28,20846,35724,14921,52033,18072,26013,5728
2021,5,29,50773,94113,42852,45541,50585,18137,10003
2021,5,30,62093,71125,50983,63879,35065,24723,72909
2021,5,31,1469,53894,39414,69703,80704,11933,89995
2021,6,1,39939,30730,8126,77137,82805,39398,39169
2021,6,2,876,65410,71248,68000,75875,30452,33540
2021,6,3,26459,98588,19895,88551,69712,37229,18782
2021,6,4,4776,61951,81690,22596,32196,37455,28651
2021,6,5,12900,99387,8645,52838,30116,16771,79974
2021,6,6,12920,72520,75494,30148,54282,13094,38147
2021,6,7,30156,93545,28039,56614,92132,14285,21517
2021,6,8,78195,51513,30298,99322,13463,28339,71917
2021,6,9,45658,65793,30567,74909,65179,5564,4099
2021,6,10,11647,88686,90424,24566,61205,15918,51065
2021,6,11,15486,29011,69212,45641,38907,47250,78607
2021,6,12,31038,77886,80123,9232,29398,26772,48553
2021,6,13,59212,55110,46821,21221,20902,43740,66130
2021,6,14,2432,49303,56580,14078,37988,47003,34996
2021,6,15,15544,12920,26060,31030,58282,11623,53022
2021,6,16,97188,25224,11628,44577,3109,41750,3808
2021,6,17,32506,18521,78712,8069,89982,41885,49290
2021,6,18,27235,35624,41771,29667,84926,48350,10096
2021,6,19,39265,45352,15091,54808,74624,7503,42189
2021,6,20,49257,69125,11563,46445,94349,23190,31021
2021,6,21,97457,31292,61181,46315,66164,6244,4383
2021,6,22,56146,98128,24,83380,33751,8146,89398
2021,6,23,18676,56495,89494,74292,18199,20936,65452
2021,6,24,9174,78438,47640,58430,63915,9202,74874
2021,6,25,58263,98744,12247,72071,30035,23427,54737
2021,6,26,96198,29670,89120,68695,44150,5495,78427
2021,6,27,77900,63641,97824,12928,20135,3669,17219
2021,6,28,54685,24605,32670,63858,19394,46662,22288
2021,6,29,83308,72215,43513,57922,70958,5759,46345
2021,6,30,17344,45537,81081,13542,91559,36552,38588
2021,7,1,35708,92047,67014,13607,55687,14838,86534
2021,7,2,92173,84858,30105,63210,9462,29126,13419
2021,7,3,45208,75787,82058,44867,64354,25571,19141
2021,7,4,35311,97681,65485,52655,59570,12917,12548
2021,7,5,51128,49469,81135,86835,57867,48149,56793
2021,7,6,29905,29338,59679,38429,14195,39783,41638
2021,7,7,40009,68908,45057,1568,61047,27114,52786
2021,7,8,25400,69036,81926,77062,66717,13762,69716
2021,7,9,26286,26679,28615,93765,92499,26102,50599
2021,7,10,66717,90602,13743,96621,19939,23421,85049
2021,7,11,50485,63203,53039,6845,48463,48095,24764
2021,7,12,25861,41560,87550,51260,10596,19475,48321
2021,7,13,93664,49589,74389,36301,92619,19355,86417
2021,7,14,85117,45456,27015,68185,36057,7109,24805
2021,7,15,72347,30530,16205,39184,10084,19243,16028
2021,7,16,58546,83689,70792,84406,41601,8341,52017
2021,7,17,52196,44167,96690,62211,93755,37430,44863
2021,7,18,86373,6784,61279,87841,52240,4645,46025
2021,7,19,4648,61753,37181,76995,92282,19738,66178
2021,7,20,2366,55332,78557,77263,55373,15700,38021
2021,7,21,96973,40392,30037,65520,84559,43078,84082
2021,7,22,94665,30507,58944,97390,37291,36574,41582
2021,7,23,5882,41218,73959,26881,19322,11139,30227
2021,7,24,11604,97228,36404,30321,68912,31313,23935
2021,7,25,24284,97012,1955,21256,53756,48344,33127
2021,7,26,38314,91421,47208,49330,21928,6151,66719
2021,7,27,75570,42724,48301,97803,293,38611,24683
2021,7,28,19614,49749,44910,47569,63329,47665,57889
2021,7,29,32240,28977,18176,72875,42341,36482,84130
2021,7,30,96096,84825,97256,50761,92598,44463,76442
2021,7,31,30877,66965,79513,6446,26040,27813,70600
2021,8,1,26332,82775,45282,45945,32523,6543,29866
2021,8,2,12203,4208,87754,60794,49536,22281,13668
2021,8,3,91876,58763,44149,4323,43587,7756,5083
2021,8,4,52536,18570,71525,83412,85534,1037,89857
2021,8,5,27925,95201,10456,54256,77975,22090,56553
2021,8,6,26849,78632,26418,55404,99191,30523,26197
2021,8,7,48727,69156,66217,56954,27918,10365,1277
2021,8,8,87856,84473,32711,40392,3042,20587,53803
2021,8,9,4928,87975,30012,32852,99527,6819,83460
2021,8,10,93853,45260,20012,37054,40244,12781,88809
2021,8,11,39434,9655,41357,4512,78810,7573,81466
2021,8,12,6727,34290,39094,10935,18762,38156,1326
2021,8,13,38155,25095,91480,43082,29421,37843,55934
2021,8,14,28948,11014,95745,39152,72625,15756,26205
2021,8,15,12868,94888,1365,52302,20894,42722,36813
2021,8,16,99704,50294,34630,22782,935,40075,83716
2021,8,17,19696,78231,1393,57851,19677,9225,17284
2021,8,18,49097,63419,9569,94396,90784,5313,63548
2021,8,19,63409,21068,26104,76276,32307,27469,88577
2021,8,20,53201,70190,1742,69256,36835,2723,52037
2021,8,21,37770,42798,42105,73817,37380,9849,68019
2021,8,22,57056,69073,65303,22504,48844,24871,46900
2021,8,23,39627,80184,50447,3035,17603,42902,69311
2021,8,24,49910,20370,24239,19462,6911,42332,38717
2021,8,25,43746,95055,97105,81515,54204,39209,81683
2021,8,26,7935,99058,19702,81342,84482,35004,63845
2021,8,27,33325,59874,20744,89304,56409,37542,72338
2021,8,28,74012,80444,88000,40273,813,12239,56086
2021,8,29,7724,70922,64802,67821,82328,28258,15687
2021,8,30,36531,17467,37369,60817,32876,7070,2158
2021,8,31,33709,42073,46003,83386,18299,33098,52689
2021,9,1,74707,70640,65026,48718,51083,19378,35342
2021,9,2,68247,81616,81427,92322,68889,12580,30142
2021,9,3,51217,40838,25828,4099,74656,13197,64916
2021,9,4,7531,36618,7073,41239,95043,3075,44624
2021,9,5,13341,36173,13664,88047,23164,28690,13117
2021,9,6,74246,48067,74810,42492,46034,6237,64814
2021,9,7,31274,18816,11307,82490,76005,3487,46589
2021,9,8,50660,33035,51504,58190,69652,24928,65781
2021,9,9,64694,44355,56756,78034,80527,20420,72433
2021,9,10,20042,65461,51901,94287,29879,26710,73130
2021,9,11,92264,99298,4295,23537,18114,15602,72379
2021,9,12,94118,69088,8967,61130,2122,26822,69319
2021,9,13,88125,68101,51451,52819,12455,8207,57204
2021,9,14,9333,94978,29636,29374,60438,47888,73660
2021,9,15,6668,24598,93142,98931,23895,47436,42467
2021,9,16,58360,29389,61197,68830,14828,20163,69959
2021,9,17,33301,63336,65629,21426,31437,17080,40596
2021,9,18,43891,25286,37799,69576,36615,33787,88949
2021,9,19,97052,81674,38961,3719,22623,32102,69001
2021,9,20,46518,45889,57819,21229,91630,19016,50058
2021,9,21,22809,89178,20016,56110,68866,35645,43887
2021,9,22,16654,2724,834,76896,44361,4984,56471
2021,9,23,97327,38770,45420,94378,36796,34380,14448
2021,9,24,59418,32833,33448,5935,95073,41266,67164
2021,9,25,86702,10281,33573,9511,15811,3589,41972
2021,9,26,1028,55585,92210,34033,74660,9395,60928
2021,9,27,35372,64378,57399,32698,3148,19170,3427
2021,9,28,39943,19901,74226,15712,52733,7673,57999
2021,9,29,47805,15290,81514,50859,41923,15086,36721
2021,9,30,74085,85026,75044,91464,40610,33605,15496
2021,10,1,31621,92999,36423,66992,57376,10173,69689
2021,10,2,76875,29342,59467,16817,65594,33692,88881
2021,10,3,18326,57716,86879,82483,73006,18392,69693
2021,10,4,31280,99829,42765,21716,84855,17808,33179
2021,10,5,41816,1412,55026,73437,94410,41448,6780
2021,10,6,51785,17973,56469,28660,63666,32287,81828
2021,10,7,29260,65979,27060,63937,23694,13938,2771
2021,10,8,13051,98681,12463,60682,98510,21579,22397
2021,10,9,99716,89386,11927,41531,7149,16952,74967
2021,10,10,1558,74752,88099,69695,92724,10919,24706
2021,10,11,56389,93205,92885,85648,59183,19945,5937
2021,10,12,99229,50234,28707,12279,48915,7522,39313
2021,10,13,63776,29100,71709,63491,34838,49988,35021
2021,10,14,41986,66939,36340,43544,41690,24438,9590
2021,10,15,50765,85356,60647,7154,94912,19883,39153
2021,10,16,54095,89827,91441,69675,56413,20148,21953
2021,10,17,21679,77669,71265,85454,23120,9326,15296
2021,10,18,57957,59313,86668,99943,42603,23007,59838
2021,10,19,645,63796,5779,51409,65503,16425,44914
2021,10,20,76767,36307,419,30861,42486,41859,80535
2021,10,21,15250,28358,98839,36928,6026,36456,8733
2021,10,22,45498,62133,4028,3454,37797,40695,59748
2021,10,23,80399,30054,79585,97395,10201,35363,8804
2021,10,24,92056,68139,40069,68822,20798,6839,39682
2021,10,25,63283,48698,16568,78532,77055,31758,81811
2021,10,26,99433,34565,70543,61282,96697,24570,64735
2021,10,27,50845,81616,84483,31244,11669,30419,28638
2021,10,28,21870,82134,93793,13925,66624,214,42746
2021,10,29,87421,7052,98779,50703,72101,31698,15586
2021,10,30,65508,79807,77396,81292,14372,47938,32573
2021,10,31,27420,38859,23659,78265,20475,24493,65860
2021,11,1,32143,4912,70849,70364,3397,30994,40640
2021,11,2,70020,47559,99737,57441,70962,14867,54495
2021,11,3,43063,46564,86433,24922,42723,13828,26213
2021,11,4,73446,28118,65137,17217,66976,38795,1833
2021,11,5,3802,13288,37692,35945,34551,24893,32660
2021,11,6,37947,5886,23300,24318,69796,23036,1758
2021,11,7,40757,37903,22605,171,818,9037,55092
2021,11,8,59892,89216,47656,33337,33685,12792,20554
2021,11,9,17013,1587,62386,20814,14874,16430,63110
2021,11,10,49424,41322,95770,3722,63559,35421,8039
2021,11,11,33354,58456,26149,90462,12710,48753,20633
2021,11,12,29880,74141,32076,89771,79708,46084,63108
2021,11,13,13393,8875,90013,30405,26813,2398,61218
2021,11,14,58038,68827,24328,23813,26500,36449,3886
2021,11,15,90058,71869,71925,39763,46676,48073,60225
2021,11,16,59386,63177,37209,5617,53669,35636,75387
2021,11,17,33376,81719,34846,63120,6946,24858,89876
2021,11,18,50110,77256,61094,8148,62434,1773,88312
2021,11,19,88934,38221,92198,95343,10089,14122,35106
2021,11,20,73116,78546,81682,32501,58074,35242,68117
2021,11,21,28094,20877,49856,77821,18948,34701,50941
2021,11,22,25893,9559,50816,76002,3166,28261,20501
2021,11,23,81951,46385,48813,70884,84605,41010,62579
2021,11,24,11045,21483,34036,84161,16380,15717,33013
2021,11,25,90805,67310,87482,18898,88186,37337,46718
2021,11,26,23485,38389,54010,49377,47947,21178,31731
2021,11,27,67464,49438,42231,49415,95823,7395,86650
2021,11,28,96779,64756,19228,24176,2590,3263,14688
2021,11,29,18969,85331,57700,9773,52640,45181,55022
2021,11,30,57178,98869,41740,97014,37258,12101,76391
2021,12,1,1556,33278,4473,69020,99068,13055,8434
2021,12,2,11242,70450,55083,24372,35205,40663,18547
2021,12,3,37795,43925,73234,73115,45608,47286,29240
2021,12,4,14599,92466,44261,88128,7687,36000,35142
2021,12,5,44944,14453,47884,46499,64082,2356,31870
2021,12,6,63149,15410,50303,90742,85859,21738,5114
2021,12,7,37416,28752,80012,91562,72676,3246,44676
2021,12,8,34635,531,63915,49234,9348,8176,63713
2021,12,9,17034,10527,38854,78329,41331,36737,51180
2021,12,10,5413,39092,73049,84913,70854,39704,35655
2021,12,11,56712,77793,90768,10479,6544,37131,22040
2021,12,12,95571,40376,83068,30206,57258,13334,15791
2021,12,13,82958,87861,49503,16343,14740,38357,84672
2021,12,14,56070,75093,52203,77834,30537,25251,42747
2021,12,15,1390,64954,38401,74453,42746,45520,14932
2021,12,16,65641,32650,3323,61212,89378,2742,71417
2021,12,17,62987,82428,87207,62296,70288,3061,78639
2021,12,18,1379,41417,89662,73801,32862,41864,41634
2021,12,19,63398,83466,14380,81139,64772,19132,75591
2021,12,20,23869,31003,56874,89510,80005,26549,721
2021,12,21,85734,79290,58489,48720,78069,45695,7368
2021,12,22,48357,98755,6006,66087,56524,12019,39887
2021,12,23,89385,70234,91521,69134,53699,22252,80272
2021,12,24,34822,7736,22214,58691,38738,29088,48200
2021,12,25,35094,71988,15272,20827,67629,23760,45899
2021,12,26,45698,35806,13266,10406,50912,35623,86492
2021,12,27,7435,63993,16379,13171,34226,24251,12304
2021,12,28,4276,62854,48927,39098,70589,21141,4140
2021,12,29,25679,66580,78691,60772,54919,43962,7951
2021,12,30,22547,67721,201,68244,3526,29818,68649
2021,12,31,70789,65440,71493,78224,45784,37871,51394
2022,1,1,80009,28473,90050,636,91326,38976,56085
2022,1,2,61915,26468,70224,3945,9399,48914,31068
2022,1,3,64317,59227,79018,86864,43299,45570,41459
2022,1,4,63176,25387,66460,33965,7178,37952,52188
2022,1,5,52961,42174,19933,49321,70646,9982,19957
2022,1,6,61971,48958,22393,40237,91777,42617,14181
2022,1,7,1176,57882,25249,65492,33461,20618,28707
2022,1,8,76759,16188,56518,39935,41574,22977,3899
2022,1,9,48752,60928,86086,1712,19453,6018,27385
2022,1,10,90098,16000,17341,68420,81309,6085,8657
2022,1,11,89437,65053,52837,90612,39287,44437,12456
2022,1,12,72747,15055,41162,49505,31242,47679,89439
2022,1,13,89167,37007,63337,37918,14286,49422,35982
2022,1,14,33738,71792,23366,23835,4143,7058,82255
2022,1,15,1803,13142,17263,91239,94547,20099,21851
2022,1,16,33833,64536,70658,6579,95942,28171,26083
2022,1,17,43535,42202,45522,32701,79208,8858,80619
2022,1,18,93494,74632,42952,43583,62775,16317,37418
2022,1,19,66917,39726,76024,85071,69219,43286,56309
2022,1,20,63765,79736,74511,97597,60623,45168,74175
2022,1,21,56564,73339,60258,98,15540,5779,29151
2022,1,22,11099,30988,19769,20944,21971,29072,64527
2022,1,23,84745,45388,31944,68013,1465,24319,43083
2022,1,24,70683,33956,45744,34448,30043,36606,52044
2022,1,25,90666,81774,36219,63581,71464,46476,80031
2022,1,26,3355,18606,29181,30805,65945,15301,1749
2022,1,27,87916,44372,16275,72660,6111,14570,20673
2022,1,28,7575,5240,10107,94609,39195,5850,69056
2022,1,29,69237,92456,61100,76254,90581,13670,66187
2022,1,30,78396,26497,36217,98102,61454,31749,28906
2022,1,31,27398,63401,97006,15313,7772,13280,37973
2022,2,1,30234,77849,44997,54160,83088,5103,68768
2022,2,2,38634,10953,94176,24223,19760,21627,60476
2022,2,3,26692,85296,73014,5087,28144,25582,19540
2022,2,4,89597,7330,48445,16994,70730,45451,12307
2022,2,5,94853,75082,36631,41438,52931,31627,1949
2022,2,6,52370,36729,77069,91004,64033,21244,11578
2022,2,7,83792,59222,32053,10483,60869,5067,1921
2022,2,8,89012,30648,51460,78608,54330,16257,61953
2022,2,9,41411,61707,44259,52616,53140,47241,54053
2022,2,10,6070,78867,22354,74792,15596,49422,2147
2022,2,11,95980,87017,13724,96124,46238,12128,76606
2022,2,12,7106,83546,54879,12469,30546,6338,47428
2022,2,13,84875,22594,19380,42637,652,29991,35252
2022,2,14,53792,77231,5657,76213,72450,28010,61004
2022,2,15,4397,27431,49502,376,14447,13225,76499
2022,2,16,77036,25353,19457,493,8898,24335,12961
2022,2,17,39443,80672,20388,40669,19618,6119,53306
2022,2,18,20269,52461,78557,74060,29692,565,16625
2022,2,19,18493,28574,33980,22889,72356,33482,33264
2022,2,20,86802,46706,36115,80189,88410,5571,681
2022,2,21,13660,29905,9993,53102,26928,46732,10123
2022,2,22,46545,2851,93428,83166,55311,38336,53577
2022,2,23,1354,5253,40201,19846,33826,24181,19086
2022,2,24,6182,57662,82350,9335,20719,18464,49524
2022,2,25,9129,74034,86556,22788,20290,46549,12241
2022,2,26,47217,59632,18715,10114,62482,28494,3279
2022,2,27,34145,16830,66855,51850,38434,7056,28048
2022,2,28,72259,97588,47133,94792,55249,29482,54127
2022,3,1,92319,64297,10002,1447,54682,12909,40586
2022,3,2,74971,25809,49179,38540,85441,17893,68653
2022,3,3,64274,96387,41931,98418,29568,25137,46620
2022,3,4,68001,32192,54667,40259,29779,1799,35051
2022,3,5,1379,47633,55529,93698,11929,31882,21496
2022,3,6,82963,94790,68434,74285,20599,17612,2824
2022,3,7,22391,1856,77828,86664,98242,36110,11434
2022,3,8,44161,61247,68053,12161,9790,22719,8772
2022,3,9,55921,40869,20174,57299,4853,42054,77348
2022,3,10,16782,73935,95196,16096,68724,13629,40380
2022,3,11,5674,97592,3204,28064,99447,47383,84728
2022,3,12,14041,33493,32513,58201,94739,565,56714
2022,3,13,20880,39635,55485,76800,96855,42010,24099
2022,3,14,1708,84063,17798,34841,57997,12993,70936
2022,3,15,43072,76621,41315,48746,90564,10870,43161
2022,3,16,90011,58253,24240,4051,8097,6752,28603
2022,3,17,19187,73668,65316,40066,13302,37152,56866
2022,3,18,10157,29161,50964,28216,13223,18761,83056
2022,3,19,87571,98106,13991,30643,74726,21657,75740
2022,3,20,65290,48879,88900,71652,23483,29492,52054
2022,3,21,31579,86243,70656,50765,59911,2324,830
2022,3,22,89564,89475,7695,16072,34988,25010,4287
2022,3,23,64562,60123,7342,52133,58228,37684,19127
2022,3,24,49305,25693,94866,30946,74571,117,22597
2022,3,25,98053,45960,11002,29631,32203,31658,86747
2022,3,26,8465,50333,87576,98028,56159,11623,84100
2022,3,27,91146,2984,74738,55708,63106,48432,67840
2022,3,28,37685,36115,23318,3342,78159,34535,64287
2022,3,29,52729,51003,36884,67133,96963,47885,83115
2022,3,30,29165,45894,9861,53981,12578,13789,82008
2022,3,31,68737,41763,82459,59882,44746,7197,75589
2022,4,1,24204,55628,39780,61888,8094,13097,55229
2022,4,2,86253,97631,15868,55333,48634,19103,68818
2022,4,3,61948,33339,51932,91112,79233,28145,65092
2022,4,4,8162,91933,13451,76898,50047,45910,26780
2022,4,5,94792,53106,68720,18995,25085,8500,47235
2022,4,6,33178,87948,78815,35782,1931,44682,71115
2022,4,7,66916,63784,29932,28863,97123,48215,56326
2022,4,8,92707,76359,97769,17220,84643,11219,24118
2022,4,9,34689,23480,47249,45833,92937,15968,11179
2022,4,10,18021,40819,78413,51199,28767,23580,43332
2022,4,11,47049,68261,94446,13964,48397,40729,19178
2022,4,12,61871,55296,95503,70929,31654,43271,18148
2022,4,13,32649,20841,98617,67337,44321,45865,29521
2022,4,14,37257,61833,10700,71630,19003,39112,89180
2022,4,15,47769,79043,42511,11169,63656,3309,71484
2022,4,16,12052,10389,661,90274,65684,12515,37554
2022,4,17,97338,22137,82053,46338,42978,30670,20026
2022,4,18,3650,26534,59547,57258,4718,20246,78887
2022,4,19,23721,75709,68066,87841,54752,26929,19010
2022,4,20,18407,80237,56845,46810,90625,7506,3435
2022,4,21,56309,86372,30988,69998,8509,13040,66335
2022,4,22,67838,10061,46360,71487,52947,22258,5096
2022,4,23,57664,92503,73983,81384,68212,8400,55577
2022,4,24,39315,85328,938,57721,65564,7782,50882
2022,4,25,56189,15287,74316,28849,1659,21655,8846
2022,4,26,26519,51046,31532,94356,61107,44243,72194
2022,4,27,14053,16501,27289,88068,9003,1271,5804
2022,4,28,93566,76023,71380,49232,61350,22317,16952
2022,4,29,43266,46450,44185,99454,61737,18500,74654
2022,4,30,79747,56506,59851,22617,7552,41382,6972
2022,5,1,85010,85624,99165,99062,18476,26453,73481
2022,5,2,27479,44076,89284,37396,20098,27015,56628
2022,5,3,81447,65683,9931,24712,12133,4116,10517
2022,5,4,90221,88967,1522,86319,45473,11372,8935
2022,5,5,69376,69105,42258,54385,71081,41422,29798
2022,5,6,89556,84226,73278,33386,28301,28914,40782
2022,5,7,64750,55928,73761,46197,37963,43,27260
2022,5,8,50095,70510,44129,56667,75829,45650,32985
2022,5,9,37653,23374,68271,7028,92478,10528,61412
2022,5,10,63558,51949,31209,53114,52526,20838,66499
2022,5,11,80827,99751,73632,61928,72031,13744,68124
2022,5,12,9993,63787,11736,76439,34296,22216,3105
2022,5,13,10124,34217,92441,47776,73942,10711,71155
2022,5,14,66420,87590,48918,46329,55890,30126,85794
2022,5,15,8415,17316,18645,5593,33418,8628,67521
2022,5,16,5448,72372,91996,15440,36158,20083,88230
2022,5,17,86805,92298,41334,13281,42867,126,27408
2022,5,18,16808,27188,48563,99579,14777,47480,35908
2022,5,19,70666,93958,61701,95433,27625,46697,41025
2022,5,20,61042,5325,68545,66490,77696,26893,48281
2022,5,21,30205,96975,6511,33361,5625,14196,36641
2022,5,22,48491,14322,40401,65298,41509,5315,4877
2022,5,23,56286,2794,27136,43303,13103,38836,78735
2022,5,24,40727,1885,39760,1769,7209,24656,38258
2022,5,25,1256,1548,82890,47812,14875,39400,41172
2022,5,26,20499,53596,44165,68989,67917,34565,4286
2022,5,27,25777,89879,15514,82062,9024,42649,21717
2022,5,28,22127,47837,80451,79205,49721,36562,973
2022,5,29,56929,61218,65582,74536,79117,14824,12347
2022,5,30,93991,54223,3518,14489,24170,14034,43477
2022,5,31,8438,64950,34115,34215,71180,15980,42628
2022,6,1,80204,8629,74344,18682,56465,21147,24238
2022,6,2,22537,7708,11563,95817,68925,43496,80352
2022,6,3,64394,58319,92698,58384,28894,12567,29225
2022,6,4,53063,76601,89053,61501,57902,23167,82067
2022,6,5,29082,89147,44694,25637,14127,35390,14318
2022,6,6,86943,6536,58555,9479,14243,36469,45295
2022,6,7,99520,79965,75646,63913,38283,34695,48648
2022,6,8,67176,97261,27872,20239,90213,16925,18091
2022,6,9,48115,56443,26509,77196,61941,21202,52832
2022,6,10,92419,22943,63501,79361,29478,38407,8839
2022,6,11,60073,24876,94133,59592,4840,36130,89856
2022,6,12,59474,70824,94855,26650,84437,39079,63240
2022,6,13,74649,72355,77682,39115,45149,4190,2662
2022,6,14,7090,91743,51845,99508,14686,31697,88869
2022,6,15,60515,70104,84059,36939,11331,44544,62882
2022,6,16,32522,80673,52737,91995,67849,13944,84996
2022,6,17,52285,3022,14587,43285,75376,42268,58752
2022,6,18,36876,12809,31413,43965,4552,49610,59825
2022,6,19,35589,31306,55045,12455,17761,39103,9394
2022,6,20,45443,33646,62275,77964,30671,31364,76311
2022,6,21,98519,95307,37658,67155,14680,2245,40439
2022,6,22,6407,60864,25542,43282,73673,23307,83599
2022,6,23,94576,72916,63423,46516,20573,34819,48970
2022,6,24,54686,73921,8363,128,23919,36990,4444
2022,6,25,54589,18353,97106,69459,30011,1115,56613
2022,6,26,44690,3359,47051,67448,80575,38945,70729
2022,6,27,70599,62251,30679,81526,35166,10453,78041
2022,6,28,72090,45271,3362,26775,19192,11725,33255
2022,6,29,59462,15066,37698,14050,33418,1155,83508
2022,6,30,79780,2269,36472,40821,21980,33522,48268
2022,7,1,2554,72466,35348,89504,34716,16027,41029
2022,7,2,86233,76479,15421,58323,21750,18782,71449
2022,7,3,57293,46858,44703,33106,61923,48752,77155
2022,7,4,11692,49906,47014,91471,52175,33485,72291
2022,7,5,74154,83358,56910,93059,72176,42258,38914
2022,7,6,23243,74636,69942,25828,67466,1714,80502
2022,7,7,5567,20495,1950,79211,67353,46653,82316
2022,7,8,45627,45404,75822,57319,11662,39187,48789
2022,7,9,63836,22671,81080,54341,22381,37989,83751
2022,7,10,10908,46598,62664,50502,21233,48957,46329
2022,7,11,5051,50670,76830,10617,71164,45132,69828
2022,7,12,54868,58136,2143,495,19891,27965,34165
2022,7,13,31552,17151,22953,95387,56174,20384,16079
2022,7,14,94906,74725,29829,5813,21322,42492,6314
2022,7,15,58907,41448,48995,63957,92117,25824,74573
2022,7,16,79633,37307,64400,50852,95442,32895,27698
2022,7,17,15333,60859,41862,46884,94361,14815,88623
2022,7,18,66886,1550,41053,61791,76274,20882,53955
2022,7,19,97596,79725,56621,72854,21173,5615,56810
2022,7,20,29641,47790,27734,25625,85097,42134,46477
2022,7,21,96890,91380,60526,12222,68590,2388,75458
2022,7,22,62950,83554,50432,46188,85103,41484,7978
2022,7,23,77729,62365,8285,75324,42090,14905,14529
2022,7,24,79614,86871,1338,9254,34660,29071,11231
2022,7,25,36108,37556,27707,32998,28935,38232,11571
2022,7,26,97524,6971,37028,76826,90524,37459,39365
2022,7,27,91979,95295,63694,69707,74011,21978,81382
2022,7,28,32452,53234,25910,12065,40104,43599,47671
2022,7,29,74764,72669,88901,27223,26577,32959,50220
2022,7,30,71863,37542,38143,85739,44513,25170,28916
2022,7,31,51388,78981,18280,43366,74275,31973,79424
2022,8,1,48285,53951,90805,80737,23536,33066,49153
2022,8,2,63640,76664,46823,54755,65685,2075,81977
2022,8,3,8613,1385,58549,80475,38927,46691,76213
2022,8,4,99791,88212,61480,51178,67192,29759,60896
2022,8,5,57818,61732,40319,22455,32034,47476,29543
2022,8,6,55569,96893,28695,19208,73557,41870,50314
2022,8,7,55593,60296,72291,80557,61681,30839,71031
2022,8,8,607,43881,43596,397,32092,5075,87926
2022,8,9,99284,84834,78821,73453,62917,35492,65907
2022,8,10,11302,82967,15449,83222,79859,10496,88782
2022,8,11,69767,52365,9095,41711,29012,31385,62267
2022,8,12,90692,28575,99650,7650,72455,43245,28046
2022,8,13,4547,64671,75972,20182,65856,21144,3634
2022,8,14,28772,6635,5893,56425,89601,37693,69647
2022,8,15,85812,98188,58428,71930,66904,17522,63641
2022,8,16,95916,65259,35907,86607,10185,35556,64257
2022,8,17,82640,95152,18654,3538,59823,10977,30071
2022,8,18,25678,82121,50056,70802,88755,5948,77226
2022,8,19,94708,93641,83224,80519,91828,41651,62448
2022,8,20,75084,25525,66088,70999,90783,18347,63957
2022,8,21,17319,70254,68213,99958,81758,3219,89847
2022,8,22,41580,14195,59917,83609,96315,26325,30762
2022,8,23,85070,82272,97988,79777,92264,47563,16647
2022,8,24,444,39214,29094,75527,81090,11534,56525
2022,8,25,88224,46232,20481,5542,32837,5046,41852
2022,8,26,14594,8264,41698,72525,38810,17967,6134
2022,8,27,35125,44291,26895,36546,42914,41234,52674
2022,8,28,35178,38797,9320,35621,94362,4765,31147
2022,8,29,75451,66298,74023,63674,28881,10855,65567
2022,8,30,61718,15900,7418,76311,40515,15468,48836
2022,8,31,79325,83434,4969,30801,44076,48215,77346
2022,9,1,3341,89449,19,38518,44597,25690,490
2022,9,2,38958,80454,1636,30760,46752,42010,40785
2022,9,3,91984,2865,96351,53701,35116,3769,40012
2022,9,4,91983,85588,95199,87659,85373,16519,88459
2022,9,5,29448,64733,2156,49140,70533,18526,37658
2022,9,6,31481,44215,78147,86790,24668,46135,17549
2022,9,7,87771,4496,28333,79755,7360,41036,63455
2022,9,8,58828,61156,79818,50810,46743,41368,34820
2022,9,9,32115,7886,73278,77914,88971,25433,27053
2022,9,10,75855,93958,31062,7336,38172,25561,84125
2022,9,11,79191,38047,28026,66962,42542,22710,53068
2022,9,12,66254,13745,12874,41433,91252,9044,48594
2022,9,13,37994,411,63413,86460,24649,36690,80725
2022,9,14,13619,28474,24130,5825,38783,5191,83160
2022,9,15,93306,97103,23637,72496,35149,18014,25809
2022,9,16,94043,40723,35228,76648,70820,48102,88080
2022,9,17,62071,73497,26673,65,73907,40085,22876
2022,9,18,14907,43126,83601,44877,71599,7730,40702
2022,9,19,10381,79272,80213,3686,76375,20201,2533
2022,9,20,27875,88214,48342,38269,28937,49921,24916
2022,9,21,99756,48022,49347,61826,21518,26019,8242
2022,9,22,11777,82455,81118,26683,25580,31070,51560
2022,9,23,13530,88799,38613,40262,84422,18825,43947
2022,9,24,60796,39026,52832,5023,27239,17525,29643
2022,9,25,72527,17445,74559,72282,81819,23905,30460
2022,9,26,3336,16276,45053,31464,15082,42522,64499
2022,9,27,40662,23591,62410,70543,28741,1022,80805
2022,9,28,13163,19846,71103,90310,75223,23934,11684
2022,9,29,2462,57810,71327,91340,75255,45885,49974
2022,9,30,57073,86141,30433,76760,18768,41837,74576
2022,10,1,33850,34359,99074,90863,57949,11483,1405
2022,10,2,3042,62504,88561,16204,98701,26016,36513
2022,10,3,73924,99949,34549,92737,74111,5875,44076
2022,10,4,49365,68111,64049,22789,54251,10833,69548
2022,10,5,89371,19022,40475,23220,53380,39548,40434
2022,10,6,27680,17382,8190,30721,96237,46751,3276
2022,10,7,94938,72766,86141,85213,89066,20689,84301
2022,10,8,63176,26563,78376,28892,94673,8777,11680
2022,10,9,65275,85961,67580,54645,4982,8054,64216
2022,10,10,74713,47602,24649,2393,81335,32839,39465
2022,10,11,77572,45941,12741,72509,18706,48881,44073
2022,10,12,24123,19569,68373,87299,46131,13100,2542
2022,10,13,40803,38228,84222,22429,24189,18153,47074
2022,10,14,45522,76206,71289,20235,40159,45938,58979
2022,10,15,21494,45128,88443,99065,91068,1183,47925
2022,10,16,26125,63,61997,50247,35983,46721,33897
2022,10,17,82113,9820,86439,39267,48048,37012,21696
2022,10,18,88588,55164,55121,34109,47721,26409,20695
2022,10,19,87880,38698,26025,9373,83825,14468,14789
2022,10,20,74892,32002,29065,1016,48417,7413,87615
2022,10,21,84399,54133,21511,82864,63952,24301,88482
2022,10,22,11999,11312,16529,586,82827,21649,61047
2022,10,23,30548,14410,38093,18427,53107,14118,14151
2022,10,24,36932,78585,85291,28175,26938,14355,75543
2022,10,25,75354,21767,13157,76105,75899,34667,35320
2022,10,26,56202,75320,13801,68201,86631,46682,15138
2022,10,27,69458,18330,52536,16357,32739,40629,64783
2022,10,28,2198,54746,95285,39129,49682,30575,33655
2022,10,29,92971,94929,29197,84677,16695,42353,781
2022,10,30,8945,93372,52452,65146,68691,32604,39698
2022,10,31,71673,29285,51188,57482,47615,3723,83838
2022,11,1,96705,10703,24972,98902,81800,20256,34382
2022,11,2,47833,830,38037,40804,95758,33585,85480
2022,11,3,28804,25938,2612,37748,35661,5063,32894
2022,11,4,4351,37666,52591,92375,66951,20130,49857
2022,11,5,30917,23853,23694,43973,50907,48666,29227
2022,11,6,32707,85273,13608,80539,86103,17996,71342
2022,11,7,98212,51581,63173,27016,93870,15784,71115
2022,11,8,29530,37198,84008,50232,74864,2951,52606
2022,11,9,58166,73080,8814,5434,13284,32508,19406
2022,11,10,64191,97525,24984,13249,82797,38592,60139
2022,11,11,85251,22939,31481,83463,90871,11005,10478
2022,11,12,84740,93141,91592,30621,30338,41952,30852
2022,11,13,21553,61254,39810,79718,34333,48623,25151
2022,11,14,63969,97482,50909,44511,95006,25892,27759
2022,11,15,94155,30835,67897,79405,53774,15729,39219
2022,11,16,60996,43086,89696,45736,36226,47640,76356
2022,11,17,66563,5943,73560,88116,67196,13369,4185
2022,11,18,17880,61991,85688,81848,59473,36596,2710
2022,11,19,70830,28839,468,81336,76026,34717,37093
2022,11,20,46151,16797,56311,7146,59882,12359,82881
2022,11,21,96107,59998,45589,79022,65940,19148,43489
2022,11,22,49487,32516,67673,67366,94506,3360,25566
2022,11,23,70330,6307,8275,57512,51498,25095,28847
2022,11,24,27523,9811,15939,73673,42959,38602,7170
2022,11,25,2841,50960,50051,15299,27309,11991,20672
2022,11,26,9600,31138,94160,59086,63653,11833,42803
2022,11,27,74510,31544,8368,61192,54203,16643,48703
2022,11,28,22052,41737,57549,49574,67899,39840,19598
2022,11,29,10857,78441,53119,30049,45752,19521,41700
2022,11,30,89412,31511,72371,99011,62648,32883,54448
2022,12,1,42652,61067,17250,33514,92610,25618,74705
2022,12,2,63164,58612,13407,85215,16700,37307,61140
2022,12,3,84598,77146,7089,11806,71938,10208,28207
2022,12,4,17689,79728,19906,7100,11239,8628,42462
2022,12,5,90238,91510,96909,49242,52576,30511,52755
2022,12,6,61538,72480,93811,24701,31091,7217,26268
2022,12,7,47790,10875,93759,48739,4373,848,80544
2022,12,8,76310,77407,35102,10351,73486,5007,23802
2022,12,9,1076,79987,72616,91314,71496,35876,40555
2022,12,10,40424,16386,39661,1961,88865,33471,73013
2022,12,11,36307,57039,69280,448,67913,13039,39186
2022,12,12,88637,80238,26082,64947,73996,11183,31649
2022,12,13,47481,16190,41802,48557,96176,14417,39870
2022,12,14,84023,293,96776,24446,16678,36436,16406
2022,12,15,21895,86258,85771,58201,43296,5050,8649
2022,12,16,27560,34440,24186,16197,31029,267,87495
2022,12,17,5024,11450,89143,52505,43991,30944,71061
2022,12,18,56518,45361,57282,40540,62005,20409,81338
2022,12,19,78682,23196,24095,16928,9453,9865,31481
2022,12,20,69100,64915,50129,96659,15706,40666,79207
2022,12,21,46735,40933,26701,51758,52382,32195,24262
2022,12,22,96372,63139,21674,52889,24851,28955,39780
2022,12,23,86855,65715,91117,81888,88910,15212,28816
2022,12,24,14714,25076,90296,83813,6342,6776,76824
2022,12,25,22048,47441,26030,85134,4725,2731,46891
2022,12,26,57106,84925,57505,69829,64415,29178,89069
2022,12,27,5617,74485,65201,8823,40199,22669,57063
2022,12,28,45461,4232,22230,60174,29308,28877,43987
2022,12,29,52001,2004,40810,90400,49444,16839,15533
2022,12,30,70521,35921,28776,43978,37198,36280,83807
2022,12,31,17964,65457,69227,39933,56293,34427,88755
2023,1,1,96492,23448,72169,41952,27679,44398,58477
2023,1,2,73338,23274,62463,25339,25277,19624,32090
2023,1,3,91073,2815,23975,61593,38735,2750,5570
2023,1,4,92284,39029,35728,10248,20837,21307,180
2023,1,5,77130,72085,15286,89973,95532,37455,68276
2023,1,6,23211,98204,66752,96548,21478,45567,18238
2023,1,7,46754,65190,70328,54178,68004,44302,25770
2023,1,8,23091,47051,37692,31726,2431,39771,51973
2023,1,9,39619,11077,8504,33100,83162,40142,63072
2023,1,10,95045,43948,87699,18255,42151,20803,14803
2023,1,11,63628,16369,53040,26734,97910,39719,20911
2023,1,12,65914,34020,13033,5356,97422,17076,67081
2023,1,13,16204,56846,95406,55823,84275,20261,5274
2023,1,14,83788,60402,44698,78832,4349,32396,17087
2023,1,15,46500,19550,28241,26479,35918,47632,53212
2023,1,16,33828,37351,50475,16093,87722,29859,87800
2023,1,17,85144,46934,74880,17699,20131,36637,9873
2023,1,18,4405,6898,95147,88192,67299,39844,3376
2023,1,19,88000,88591,80462,50851,8141,25054,27329
2023,1,20,60410,22685,46893,94237,60035,13719,66681
2023,1,21,47757,93577,64480,49252,40510,5712,73302
2023,1,22,76992,42348,73175,81397,49245,34673,75940
2023,1,23,32896,40868,85667,20895,45810,32480,41745
2023,1,24,53950,7533,65425,14360,30218,12317,54948
2023,1,25,6604,26035,67981,70712,35963,48812,16315
2023,1,26,76472,4523,35969,69816,46871,9143,21212
2023,1,27,12467,10167,53503,45362,51034,5522,72608
2023,1,28,96843,38001,70704,67145,45534,36129,47856
2023,1,29,92103,64797,39155,15058,7184,7135,82122
2023,1,30,43146,55947,38436,35970,76821,24404,55785
2023,1,31,23691,99898,73348,52510,26416,43202,34223
2023,2,1,93801,98723,96831,90644,36724,17534,14140
2023,2,2,98609,20014,71995,90711,84811,11149,42120
2023,2,3,8346,34636,24241,51491,90582,12677,47460
2023,2,4,67402,53432,9596,7445,69682,32943,76306
2023,2,5,96097,42497,90528,89898,41219,3710,76893
2023,2,6,94294,71244,71032,92902,7609,9378,83612
2023,2,7,8771,86878,5732,17116,21513,46324,44959
2023,2,8,12094,25352,72418,95848,78784,48366,19644
2023,2,9,64817,97660,95949,77265,40156,36476,27162
2023,2,10,97727,90186,80406,92020,77781,17789,74922
2023,2,11,85389,27166,84885,10512,14044,6968,7627
2023,2,12,51908,53292,12585,80354,78643,1355,6201
2023,2,13,73778,99720,12196,38594,13731,8144,62211
2023,2,14,53887,10971,99372,67965,1156,46130,29984
2023,2,15,95288,63918,44905,97029,7436,46142,77540
2023,2,16,37831,53109,51518,89738,6400,14103,91
2023,2,17,1395,81809,62643,75172,97880,24838,70118
2023,2,18,11610,82981,62328,81848,93952,28051,69812
2023,2,19,11459,74180,9796,23099,54450,21052,20127
2023,2,20,61885,17193,44018,16067,70302,45535,75804
2023,2,21,93053,75989,75895,10799,57797,4889,35971
2023,2,22,55676,29727,32440,83638,29059,11119,25485
2023,2,23,39362,5521,31649,67173,96053,7796,60271
2023,2,24,50502,28847,26749,28738,62392,37118,4804
2023,2,25,49045,82652,66959,42097,74993,9205,89248
2023,2,26,32789,14094,71570,4817,43820,4009,78454
2023,2,27,89230,31479,70290,28592,36999,18290,15764
2023,2,28,33051,76085,2386,83552,21284,45486,18641
2023,3,1,27,32603,89796,49071,15254,6755,7519
2023,3,2,6598,15959,76766,39387,46404,48335,50555
2023,3,3,6575,68695,65360,95805,173,2001,30748
2023,3,4,37172,70291,36511,70222,62727,5248,20126
2023,3,5,362,733,15118,388,33335,4914,79458
2023,3,6,64940,61668,73329,71538,93978,94,37276
2023,3,7,56734,14781,87830,63308,83475,3189,19112
2023,3,8,83648,5189,16211,37171,91831,2721,3744
2023,3,9,70910,24320,10221,71271,25052,25339,48011
2023,3,10,74738,30252,53820,56030,8271,27148,7567
2023,3,11,18600,93594,71194,75333,8374,9023,28641
2023,3,12,8200,28563,14104,8199,50103,30315,35369
2023,3,13,58286,99387,85465,29195,40059,45685,465
2023,3,14,81462,21023,4827,56200,67626,8647,32229
2023,3,15,75896,85794,56147,10848,79387,27340,56180
2023,3,16,4112,2714,41172,12312,31276,21628,80510
2023,3,17,97730,18294,65879,56015,34032,1343,15209
2023,3,18,74090,63379,2026,55552,84402,6852,41751
2023,3,19,52027,65498,40331,44275,51292,12829,81474
2023,3,20,47030,56520,57653,51142,59233,15177,13453
2023,3,21,6860,3156,314,4589,21449,32544,80604
2023,3,22,55480,50238,62164,29570,13617,30541,65121
2023,3,23,14370,87393,13223,66396,69242,19905,47022
2023,3,24,36885,82733,98495,83915,55604,22500,71408
2023,3,25,14836,4028,31212,38047,7183,31525,48987
2023,3,26,28631,14069,19590,462,64306,48106,80031
2023,3,27,94274,78646,31503,8643,82390,11077,81391
2023,3,28,51632,30981,18412,88516,30065,33259,62430
2023,3,29,85668,5758,40189,16855,26137,21400,21253
2023,3,30,33319,2925,30240,78301,33345,16181,58762
2023,3,31,14002,64286,8793,8276,59284,6647,86918
2023,4,1,41673,17724,8308,93304,65056,43072,11820
2023,4,2,95121,76330,70601,97140,98439,10790,30347
2023,4,3,24575,82189,1599,74245,1465,31838,22545
2023,4,4,51161,14371,31306,65163,78656,6450,9790
2023,4,5,54291,13097,23059,95964,47172,47719,69267
2023,4,6,12227,90790,87438,23699,83471,8039,57191
2023,4,7,98261,68828,83889,39187,67368,35487,29783
2023,4,8,68833,33677,82327,19993,64399,29984,11507
2023,4,9,43054,86434,91296,13697,15882,30707,69660
2023,4,10,79405,78425,15278,91631,85566,2716,51682
2023,4,11,85388,60754,68872,100000,45933,2760,55538
2023,4,12,13300,54598,85320,98484,4626,33998,4829
2023,4,13,69024,13981,36335,28430,16766,43983,72126
2023,4,14,32647,74689,68137,28403,69465,33414,50034
2023,4,15,71382,2481,68067,56769,79586,3290,83120
2023,4,16,25518,6049,28657,55170,76998,13976,13653
2023,4,17,97976,97973,88481,66999,11953,41168,21780
2023,4,18,45071,85150,70257,94069,76190,38393,42472
2023,4,19,62006,21807,42505,33387,40639,26923,80155
2023,4,20,20225,80212,79626,62094,2612,8282,37263
2023,4,21,95961,38609,87268,93936,36581,25748,7287
2023,4,22,64885,33267,89066,9955,18416,9323,84024
2023,4,23,10957,97715,26495,72962,35873,35351,22700
2023,4,24,76512,28625,29206,13088,8836,8831,55181
2023,4,25,11447,17112,8796,7407,55720,46063,87695
2023,4,26,8652,88162,94981,73537,21429,34046,9843
2023,4,27,56196,59720,20218,83505,57435,13064,66466
2023,4,28,9659,64766,95518,2522,93390,24723,55609
2023,4,29,2225,33554,7142,30023,67017,15937,63782
2023,4,30,22737,11999,71476,47740,16512,16456,27628
2023,5,1,37940,66853,37471,94136,26573,24040,7640
2023,5,2,359,37104,50457,26369,18221,45974,48891
2023,5,3,11611,87049,60851,30187,20602,34344,26562
2023,5,4,3970,280,30343,26706,28630,18170,34446
2023,5,5,45142,84625,28425,99433,67829,15895,29920
2023,5,6,94401,56287,3911,94759,9742,20720,77480
2023,5,7,27962,33045,66370,39572,20093,43572,26111
2023,5,8,57046,27916,62672,61016,28195,9366,44073
2023,5,9,73177,27535,94870,34670,12159,23295,64102
2023,5,10,79987,5541,60374,90740,61827,14284,61850
2023,5,11,71568,35003,39329,99530,68048,22050,45453
2023,5,12,88140,65622,57915,61538,93537,20586,12553
2023,5,13,38083,29951,26625,11259,57485,21495,65928
2023,5,14,85995,61141,96382,82334,66681,6755,73073
2023,5,15,28508,37390,74922,75,72393,30603,45956
2023,5,16,56792,52652,87761,61283,18273,45675,22820
2023,5,17,11809,66261,45372,49892,12563,38349,37502
2023,5,18,70048,26195,39782,72394,87335,36163,84727
2023,5,19,54015,9269,27799,98874,46658,19073,55301
2023,5,20,35402,66027,31256,92193,18678,19016,43476
2023,5,21,36951,64691,92647,65111,47303,4371,81354
2023,5,22,59865,42719,25208,46264,85265,14989,8658
2023,5,23,72599,17503,73384,42965,26771,17535,28191
2023,5,24,89780,52959,73491,25182,18985,4746,3726
2023,5,25,37662,40114,87201,90964,4804,29848,46075
2023,5,26,68458,34218,3780,28322,93288,28987,80938
2023,5,27,78552,93975,9595,67502,27829,49330,26818
2023,5,28,70951,16864,85008,60731,69822,8498,42264
2023,5,29,5158,79596,35989,42820,19709,39542,43783
2023,5,30,40864,35741,6209,9321,86310,26341,23994
2023,5,31,95949,55327,44931,90852,65654,20877,14705
2023,6,1,9834,70207,1522,80785,3422,2882,57867
2023,6,2,89596,77731,76482,94753,57326,28822,17572
2023,6,3,93386,68363,87707,34249,20455,10267,79921
2023,6,4,23116,36607,30267,19064,8286,25197,49915
2023,6,5,90291,62426,971,124,32632,2493,30908
2023,6,6,52405,21726,55126,42000,99456,31607,76753
2023,6,7,73134,60429,74324,66519,28791,28382,27120
2023,6,8,65598,88649,77040,88713,41607,7306,14129
2023,6,9,49892,98855,50395,40182,61280,1366,306
2023,6,10,10263,70210,37565,62667,8287,42691,31019
2023,6,11,7742,24297,57771,97227,84725,48446,53746
2023,6,12,29868,26828,97217,11817,31828,24256,26881
2023,6,13,73434,97914,41009,39678,13120,7756,49859
2023,6,14,90751,75473,36516,1013,45682,24081,10031
2023,6,15,53968,83123,1049,78061,23771,25171,41640
2023,6,16,24848,23617,71737,54715,66796,18953,2883
2023,6,17,98623,59560,99763,88408,57473,7124,58085
2023,6,18,70592,81231,24296,61342,56703,10811,68706
2023,6,19,18736,51243,75089,72703,50717,42489,37115
2023,6,20,74488,84012,58754,99335,7628,30490,10401
2023,6,21,90775,15794,53283,5749,75354,19397,74156
2023,6,22,32826,42872,38593,19770,24102,12888,87463
2023,6,23,80804,23698,92521,99539,91293,17609,38593
2023,6,24,42009,76449,72060,16496,60460,47165,72182
2023,6,25,84439,77655,2582,75213,9800,22216,67313
2023,6,26,85153,57965,7821,34331,836,46413,24100
2023,6,27,24938,9300,67914,5741,49349,10434,81632
2023,6,28,56993,44394,10224,99002,20843,32283,61849
2023,6,29,97654,29448,80383,98445,23454,32964,50009
2023,6,30,49605,71532,87322,34758,29496,45142,89088
2023,7,1,46683,41554,23187,71620,67205,41100,53713
2023,7,2,32905,67886,15344,89898,12279,41919,75251
2023,7,3,49473,40554,37099,47127,86353,33833,71923
2023,7,4,26158,16797,51931,75762,4680,39252,50519
2023,7,5,50527,34393,79606,97209,92298,19144,28829
2023,7,6,75854,26596,78893,8759,94481,44236,75008
2023,7,7,6759,52506,20258,72584,93059,23708,86062
2023,7,8,79411,7541,97984,5568,40689,49914,37682
2023,7,9,45368,89166,8200,12246,39910,4158,9454
2023,7,10,48560,39653,94634,24413,66248,23526,43171
2023,7,11,77080,84113,48178,191,36619,34787,42774
2023,7,12,29677,58495,8835,25440,82387,6818,7359
2023,7,13,23075,56731,45040,84794,62248,19592,3391
2023,7,14,18510,90101,22844,67069,29753,33830,31481
2023,7,15,12353,7355,41004,89432,7820,5533,69622
2023,7,16,44438,90320,62395,90466,65166,37581,52257
2023,7,17,63904,94398,95968,3330,67481,41007,8123
2023,7,18,29728,26950,1513,48237,17050,40708,11657
2023,7,19,63155,74537,23138,75507,98244,14141,14938
2023,7,20,6063,86025,70912,66852,92696,33306,63669
2023,7,21,74213,37239,5926,38116,31636,1893,11445
2023,7,22,15468,59251,45919,45196,2553,13783,89784
2023,7,23,35954,20843,41441,99108,95379,30930,14614
2023,7,24,9974,61422,55904,32388,47446,26815,49239
2023,7,25,40142,76472,89260,14354,13710,45185,48822
2023,7,26,61698,13429,10266,77165,72679,22537,18712
2023,7,27,91583,36319,64848,27537,57161,22640,6644
2023,7,28,68892,3569,17610,78865,81342,23513,71253
2023,7,29,28787,16679,26843,85280,9502,16102,25986
2023,7,30,39564,27638,84807,17613,41066,11424,14777
2023,7,31,30097,83960,49841,21679,20279,14688,29215
2023,8,1,93791,53679,92211,62682,57247,9820,77899
2023,8,2,38588,99684,85503,83726,32714,28697,35358
2023,8,3,58567,44799,1343,98130,88788,2501,55742
2023,8,4,29854,13924,26871,76302,97884,43063,44332
2023,8,5,34514,24102,79899,44656,77780,22109,57338
2023,8,6,51378,98280,81588,6317,14315,17090,76394
2023,8,7,63380,95786,91751,21946,56936,43093,36428
2023,8,8,45724,11945,68521,91929,25869,11743,44582
2023,8,9,40104,4805,98913,90969,28906,28811,15624
2023,8,10,23037,67271,59313,90766,65550,40900,67082
2023,8,11,96216,24341,3476,75947,36479,45226,67893
2023,8,12,93414,4671,50672,55489,16615,19192,53769
2023,8,13,58835,47287,48350,15290,52091,47263,36258
2023,8,14,97349,26073,58234,36737,93344,17546,47503
2023,8,15,75245,74798,40936,87813,15490,44411,43759
2023,8,16,51968,55989,78003,61734,77011,28674,27222
2023,8,17,9977,64218,80991,68812,11504,29340,24101
2023,8,18,79946,92954,6711,93646,19027,14944,20383
2023,8,19,28722,82489,74237,20318,73638,15172,64482
2023,8,20,89128,75935,88241,41095,31923,32595,69180
2023,8,21,25285,11269,36402,35261,91838,33744,50424
2023,8,22,19693,79435,4525,99638,72389,11235,49636
2023,8,23,7767,92530,56370,52840,75018,30606,29509
2023,8,24,65008,62129,13991,54135,38063,18583,41581
2023,8,25,69985,1177,30761,11621,12445,33514,6882
2023,8,26,20634,33609,67305,40326,13043,38181,56316
2023,8,27,1783,15767,65951,25901,8296,22320,35092
2023,8,28,83314,69277,84601,48321,31405,14943,28807
2023,8,29,69468,33525,30387,55804,34701,27499,87425
2023,8,30,63498,77364,30658,84131,10972,47962,20809
2023,8,31,40367,86143,97124,42149,1909,29426,4402
2023,9,1,10205,18097,79493,9870,3725,14093,14542
2023,9,2,35129,79035,9700,20948,12559,6438,53104
2023,9,3,63612,33937,76880,27109,11300,7537,77591
2023,9,4,38624,21850,68399,78990,24344,31874,31138
2023,9,5,42605,61299,5539,69161,95747,35032,9030
2023,9,6,99471,65476,69923,50952,44511,29622,71899
2023,9,7,73421,52411,81354,37032,86347,8233,492
2023,9,8,13999,82121,8083,52622,3971,42833,71611
2023,9,9,44666,91059,69100,87270,52357,40991,16430
2023,9,10,64456,92374,51811,63926,57849,21733,41229
2023,9,11,18711,17706,19480,92132,70117,833,55515
2023,9,12,72815,75418,26007,3165,57538,441,85786
2023,9,13,77860,59625,3748,22526,50683,39200,86147
2023,9,14,19392,96542,82577,83847,88915,34387,4124
2023,9,15,63115,72472,95353,81826,90177,14832,309
2023,9,16,76645,32016,35823,65812,7433,28181,78976
2023,9,17,81323,44973,41114,75534,4598,11213,4411
2023,9,18,71632,50412,40558,91023,46953,39486,34869
2023,9,19,52219,73872,55345,15334,62695,697,27159
2023,9,20,69224,81880,3819,45868,13895,39641,81679
2023,9,21,37680,34174,80655,35354,95498,21768,887
2023,9,22,16447,82980,41650,88079,49744,48559,9101
2023,9,23,13048,38044,70322,65267,28267,25666,86952
2023,9,24,90962,92714,94110,60185,74593,47928,16052
2023,9,25,4839,53920,34083,42518,4445,31089,4223
2023,9,26,16295,52856,21462,32741,52187,13111,20819
2023,9,27,18282,61669,99920,47682,16064,36593,52948
2023,9,28,44330,12258,26251,35291,4971,20360,55475
2023,9,29,95915,34639,17879,753,4910,1961,9623
2023,9,30,25707,83049,70197,42001,52256,41658,84741
2023,10,1,20794,71120,11912,55428,49140,28183,3109
2023,10,2,65203,14775,32408,9533,43384,8658,71175
2023,10,3,48354,95369,56650,60620,46359,40880,27724
2023,10,4,51268,42840,53698,93326,42240,23895,25326
2023,10,5,10847,15552,26419,31640,3024,38330,37067
2023,10,6,52163,82864,90175,17366,97638,22582,53250
2023,10,7,41021,81239,4424,5726,92959,27425,66345
2023,10,8,39317,68304,44068,6937,27495,47766,20262
2023,10,9,86086,38012,51940,96932,53563,44710,88572
2023,10,10,72938,49391,31990,25101,32254,38517,48818
2023,10,11,29891,61098,2067,87263,58689,22842,72988
2023,10,12,51647,16619,75684,7316,1274,36103,44252
2023,10,13,45121,50220,14513,31206,88231,32804,18138
2023,10,14,58146,77513,73061,31083,26903,21402,56183
2023,10,15,59156,59918,15000,5398,21016,33418,69012
2023,10,16,96056,72612,18351,64054,89230,44034,41369
2023,10,17,6855,46489,1972,51975,96708,32837,53181
2023,10,18,1291,15640,27670,59436,93153,17082,56870
2023,10,19,36407,38483,79405,95563,98401,10756,47312
2023,10,20,35768,44174,26324,48175,33137,44674,58580
2023,10,21,38718,55060,16301,45572,17900,18272,87547
2023,10,22,14607,51108,97079,32249,66748,41100,28036
2023,10,23,76252,58181,14906,12658,13015,44310,24572
2023,10,24,27767,21417,41884,79886,81942,34559,84412
2023,10,25,15078,45584,72992,53795,16995,39292,59367
2023,10,26,34894,7563,13265,65853,75023,10343,78101
2023,10,27,41770,51442,6137,34373,25974,37394,17030
2023,10,28,55340,48055,71602,99459,69471,29837,75696
2023,10,29,51413,14395,40108,82842,76330,13099,86637
2023,10,30,93325,18742,52355,28218,42656,15619,4070
2023,10,31,17678,75961,8523,75799,43754,31011,66523
2023,11,1,86079,68404,73553,57770,32810,11506,47228
2023,11,2,18632,91342,52924,86396,22088,43031,29238
2023,11,3,98417,22481,22226,8093,57574,24580,56311
2023,11,4,16581,56550,46732,50611,48862,21606,16409
2023,11,5,8967,2616,52932,95045,87371,42836,72814
2023,11,6,36532,4341,26394,55164,12034,29317,11559
2023,11,7,50473,88699,27148,65241,27531,49373,23334
2023,11,8,85104,40304,25996,1684,96853,39079,28646
2023,11,9,62066,77037,95055,71032,79652,14338,56076
2023,11,10,83375,23525,35242,19906,44217,11635,11421
2023,11,11,72602,57303,32980,23074,46001,26479,74666
2023,11,12,73531,25852,77999,74986,82507,20346,63021
2023,11,13,95712,25777,61667,57777,2813,23073,28809
2023,11,14,98816,53762,11236,98542,93638,46477,48448
2023,11,15,37854,24463,9868,10455,81765,9199,79880
2023,11,16,27765,35678,54545,17647,77881,48896,38984
2023,11,17,76739,85593,18357,72450,11369,46375,20227
2023,11,18,30533,69447,75387,29349,39560,36622,57890
2023,11,19,33197,33099,62689,71050,73913,38909,37856
2023,11,20,55678,64459,47735,99794,16488,2279,43793
2023,11,21,10720,51174,59128,87459,36767,27484,9908
2023,11,22,64487,73858,6486,95020,59656,31872,70720
2023,11,23,99215,84846,84961,32411,34296,47650,79812
2023,11,24,8208,52910,17667,63885,17368,15401,60031
2023,11,25,33856,84032,13823,60927,51557,22950,68385
2023,11,26,4675,66786,24645,69162,40643,47482,50533
2023,11,27,299,45706,21252,15865,30551,6212,34628
2023,11,28,64846,70213,84439,73053,23122,18458,43290
2023,11,29,56842,210,33320,7049,84241,13494,77975
2023,11,30,52150,52795,32712,56824,19580,7356,32337
2023,12,1,60223,4837,22869,76873,66894,10472,22737
2023,12,2,97444,83036,57364,78641,53248,8155,88046
2023,12,3,76370,76612,21335,49563,76821,21006,16611
2023,12,4,77414,50851,24585,29563,3645,7296,36386
2023,12,5,23225,31003,45075,99799,52192,17943,86671
2023,12,6,19085,44767,85759,16529,27802,9475,15169
2023,12,7,81049,17629,63214,73770,10592,900,63332
2023,12,8,3764,88257,79942,81177,39107,20879,67091
2023,12,9,42752,78174,29829,65976,9177,24903,55774
2023,12,10,61368,59197,58796,80452,3963,44554,13332
2023,12,11,31764,20380,24853,12813,54360,38066,62934
2023,12,12,64951,5318,26266,85067,93574,22559,32595
2023,12,13,32681,43437,9686,75432,37963,39514,47759
2023,12,14,47139,30768,39884,24858,89964,48679,31661
2023,12,15,10279,59584,51345,42042,79964,26197,71206
2023,12,16,34323,64262,74140,15626,85931,16757,20692
2023,12,17,79505,39315,99638,12185,82752,9323,33968
2023,12,18,20714,65188,78078,84204,95955,17961,65413
2023,12,19,2271,16639,63425,28901,92574,14769,40942
2023,12,20,88889,90965,58500,23212,71579,48991,65189
2023,12,21,57509,65747,72232,37013,21413,21869,45549
2023,12,22,4164,97544,69516,41229,62731,47593,31784
2023,12,23,75038,81905,83548,93660,98543,46973,2560
2023,12,24,7469,61741,9853,96357,52706,18352,25920
2023,12,25,40636,17342,91108,98144,99440,29691,65157
2023,12,26,20853,51560,17057,41368,49103,36573,72597
2023,12,27,28185,50517,40732,3222,32422,24280,3233
2023,12,28,47316,71252,35792,54784,32992,45645,17493
2023,12,29,2049,30348,3412,42684,64042,10872,57180
2023,12,30,63481,90562,92336,84333,58473,25744,75701
2023,12,31,23927,12316,24649,52112,79185,31732,51685
