year,month,day,sales1,sales2,sales3,sales4,sales5,publicity_costs,costs
2009,12,9,16235,80390,683,20311,44674,1916,65362
2009,12,10,77673,92204,12441,12112,79703,44085,40632
2009,12,11,39605,57971,1586,37220,44316,28456,11983
2009,12,12,3648,48890,7981,49756,85036,9209,85320
2009,12,13,80272,60893,87647,12858,41282,4681,69520
2009,12,14,2307,72949,4881,79979,65152,17322,78442
2009,12,15,61207,27758,65426,811,2081,17011,54382
2009,12,16,46396,11818,46364,66395,60708,20696,26150
2009,12,17,62095,79904,7821,58718,57148,45467,11576
2009,12,18,98429,16500,21095,735,5800,42328,87066
2009,12,19,87303,59649,5507,48509,3758,20932,5671
2009,12,20,5838,54295,20052,68586,82464,16416,54980
2009,12,21,59523,53463,67482,21618,33367,25302,70335
2009,12,22,90514,87121,68262,5295,19972,39357,12381
2009,12,23,25771,31684,19446,13073,7684,41305,51582
2009,12,24,27793,28588,27252,49983,82882,13656,38568
2009,12,25,81698,46423,69899,41220,99885,37380,12837
2009,12,26,33251,29034,59524,40117,16154,27785,65411
2009,12,27,36125,33493,67791,61895,81528,3589,41319
2009,12,28,5563,44893,52900,33356,73480,46504,79690
2009,12,29,72714,60159,18257,54411,6581,4507,55630
2009,12,30,22817,58239,74819,56068,87272,694,52536
2009,12,31,3425,94830,57946,39549,28323,42088,87795
2010,1,1,26202,45676,9113,48117,6920,28365,1472
2010,1,2,96752,74868,81161,85817,51378,15769,80227
2010,1,3,74310,36627,52208,97126,94865,43378,69545
2010,1,4,82136,94071,82080,85560,5253,6377,61460
2010,1,5,49927,98465,75606,76128,60492,34719,74244
2010,1,6,83764,63083,22067,80515,54302,19579,6331
2010,1,7,5679,51699,22909,96340,88326,41468,13465
2010,1,8,83190,51198,79362,81678,61620,11441,33589
2010,1,9,66872,17818,41401,16798,32634,17006,2926
2010,1,10,9477,1724,33521,93240,81158,21940,3754
2010,1,11,35459,91518,56436,57489,43217,45696,43828
2010,1,12,47894,87164,63645,47435,54713,43006,9112
2010,1,13,16332,4446,29053,83204,38615,20453,40001
2010,1,14,71248,87458,9278,80725,5534,9151,23964
2010,1,15,3043,31090,64070,38502,22607,36857,65990
2010,1,16,82175,32553,66170,30068,36068,29814,43855
2010,1,17,90780,72819,22966,7111,77264,2018,26666
2010,1,18,32231,38822,6667,3478,26280,32296,30554
2010,1,19,48165,91446,90870,51207,22535,21291,79708
2010,1,20,61494,8147,2050,43668,57051,18219,60088
2010,1,21,93118,14384,83942,83897,87202,23259,17360
2010,1,22,80817,91629,14025,13047,30450,37043,2877
2010,1,23,56729,69339,49782,4893,77136,40651,2452
2010,1,24,99671,28293,78511,77516,36440,30560,77535
2010,1,25,93490,65130,27622,2960,79513,27915,53208
2010,1,26,83066,51174,10567,63883,42802,40944,73281
2010,1,27,73251,77986,42509,46332,63676,42291,27576
2010,1,28,40812,49293,40027,56834,93938,18538,74349
2010,1,29,30377,15449,71883,40218,96931,15857,43177
2010,1,30,92795,60123,46385,75861,11296,23303,46095
2010,1,31,70449,14246,65727,60052,8584,8236,72735
2010,2,1,88611,16878,6662,45774,82522,13041,52607
2010,2,2,76459,97930,53307,23187,13378,41542,23405
2010,2,3,10308,73750,22933,3103,33872,19317,85315
2010,2,4,61520,58972,51409,31968,73217,17135,68371
2010,2,5,98152,41722,31105,3115,74951,4119,18888
2010,2,6,57473,17159,67847,50283,15088,21153,13470
2010,2,7,28465,79046,53226,55125,52795,26158,4579
2010,2,8,86667,61827,69893,48186,20798,37653,26505
2010,2,9,10366,71139,21228,24870,12861,18684,27984
2010,2,10,87811,22802,76871,61635,39960,44717,8270
2010,2,11,55047,82222,1739,99864,77619,21316,31340
2010,2,12,30414,63825,62270,33432,25651,32162,27969
2010,2,13,62800,86166,10825,89518,57304,32052,54387
2010,2,14,86516,736,42370,90679,23537,35592,32313
2010,2,15,79849,96661,80582,51247,95234,48672,57462
2010,2,16,72852,86339,38801,3265,50164,1070,3048
2010,2,17,92166,49583,67368,54966,35748,28193,74483
2010,2,18,9404,10244,75221,95919,27331,33942,6597
2010,2,19,67220,69533,55262,47068,82545,2195,64666
2010,2,20,77778,50867,82128,50630,37205,20928,40246
2010,2,21,3720,38350,23294,95886,87932,40661,30851
2010,2,22,40032,85205,11685,49435,95449,36905,55353
2010,2,23,39131,20846,48302,6350,6730,3563,29769
2010,2,24,89275,55757,84435,67052,22975,16562,37681
2010,2,25,76532,3841,87927,80251,42190,27572,36136
2010,2,26,46474,34584,43338,86505,19789,5022,25939
2010,2,27,31589,58278,97643,70719,95475,45944,27069
2010,2,28,2205,49506,63189,7831,21615,47623,4882
2010,3,1,44589,30536,8915,21120,34377,13193,7723
2010,3,2,92918,57116,93858,39391,91699,3548,5895
2010,3,3,27839,24921,78185,59427,83199,25828,30146
2010,3,4,95025,38123,23566,97229,3981,36754,1411
2010,3,5,25595,50729,96293,86535,81264,21559,27655
2010,3,6,31992,34751,41729,24910,91866,35586,74300
2010,3,7,99916,5485,6547,27755,30406,34731,73533
2010,3,8,29956,76910,50030,24980,15033,23595,8561
2010,3,9,35365,76701,59971,60959,43781,6263,23845
2010,3,10,25044,94173,87851,57036,45275,29579,18297
2010,3,11,53492,81517,62596,53408,87001,19142,37514
2010,3,12,17406,70225,1046,47361,47134,1076,68693
2010,3,13,78518,41022,27253,13882,34074,37223,81192
2010,3,14,77854,59838,55037,2898,54010,42887,56285
2010,3,15,99285,72466,90933,52776,70334,3528,62535
2010,3,16,57334,39022,20048,91092,9246,37446,84804
2010,3,17,72731,88521,43496,51249,45894,20748,11482
2010,3,18,79968,57971,72674,57821,17808,44062,77070
2010,3,19,88169,3300,69706,87453,92117,10638,6581
2010,3,20,62450,30518,79115,36136,69539,15515,7227
2010,3,21,95136,52960,82030,67866,57832,25526,5466
2010,3,22,3725,96273,33300,83692,70595,22325,7865
2010,3,23,88402,66386,34934,92923,86037,20992,6727
2010,3,24,78154,81629,53307,40603,12146,48774,16738
2010,3,25,98036,64288,20316,93171,33599,2346,61037
2010,3,26,7782,27871,12854,11506,40495,46153,51550
2010,3,27,11090,68477,85766,15843,51214,37051,68765
2010,3,28,37251,58042,5492,15404,39671,25150,22358
2010,3,29,68168,40275,65448,66204,20914,35763,69374
2010,3,30,54512,4460,36762,62293,32330,15968,70151
2010,3,31,89177,12120,18052,266,96949,20169,26108
2010,4,1,48162,57219,41225,85412,15261,13068,7167
2010,4,2,71283,38217,5877,39450,78492,21324,42005
2010,4,3,99405,73438,81379,70269,94250,34492,18913
2010,4,4,26579,459,55415,15755,28931,39818,62372
2010,4,5,25879,9986,48480,74040,67205,6056,85804
2010,4,6,98817,69123,9322,86451,7339,15198,42252
2010,4,7,2182,2873,64257,17939,92663,11987,78207
2010,4,8,86912,96478,53471,29842,96937,8886,51949
2010,4,9,42219,98703,94320,68097,25041,9151,68488
2010,4,10,92245,65206,34291,7413,34328,9965,33863
2010,4,11,58019,75162,52466,60200,94387,16722,58138
2010,4,12,87049,78708,82696,90312,91538,36167,153
2010,4,13,4826,45052,82101,47044,60106,42773,55140
2010,4,14,85146,51923,73627,93742,17129,24270,37506
2010,4,15,51456,586,27720,25826,92099,30186,26026
2010,4,16,86485,96907,80515,89885,91967,13211,70196
2010,4,17,83504,15729,16701,88329,60780,48801,35372
2010,4,18,37237,91573,66863,38735,59848,6841,42476
2010,4,19,76976,97462,66334,44783,98047,44053,50609
2010,4,20,90146,74238,72986,76630,71145,3500,82867
2010,4,21,79463,33062,63062,62966,48790,46114,77646
2010,4,22,25921,94915,3017,63158,2839,36231,28244
2010,4,23,79038,43071,50719,72365,56885,17052,57148
2010,4,24,54931,27457,4108,61428,1694,43445,14410
2010,4,25,89190,63296,37276,68652,96358,16689,77969
2010,4,26,61499,12803,15614,87420,24069,34982,86929
2010,4,27,43259,21212,85172,22297,80635,2242,4661
2010,4,28,53871,85646,28160,8801,13102,48619,229
2010,4,29,14795,42063,24638,20337,5359,28265,15340
2010,4,30,18068,94953,53309,79566,7755,35274,66985
2010,5,1,31823,20256,50265,75082,57819,35436,73730
2010,5,2,54805,4030,8390,8675,89675,2902,13828
2010,5,3,2776,1520,4056,33922,59935,45045,20610
2010,5,4,81645,39661,75950,99712,34613,45610,79277
2010,5,5,58720,30883,62614,90542,51138,29230,31975
2010,5,6,25309,64666,12056,96465,85047,20446,85140
2010,5,7,74721,89699,38967,93848,91218,9374,74121
2010,5,8,51152,20770,14731,32796,60430,7032,28859
2010,5,9,95042,52641,44488,53761,83523,23453,10655
2010,5,10,51013,52682,58981,92673,33699,21037,19137
2010,5,11,18745,7834,94276,93465,97532,49594,43664
2010,5,12,5101,25319,47785,72605,46088,28867,41752
2010,5,13,22869,85898,70611,34263,54890,15098,84375
2010,5,14,54764,38550,81381,5776,7583,40362,64800
2010,5,15,41282,27750,3937,60026,51935,14564,59843
2010,5,16,65818,80510,73506,70918,5828,37642,63522
2010,5,17,68268,16508,81626,7488,18757,2236,71750
2010,5,18,73646,83685,46125,28410,38586,27505,70537
2010,5,19,46168,84218,65337,87449,28319,35625,33827
2010,5,20,96605,188,33669,62422,80697,23526,49692
2010,5,21,2877,61168,9565,87496,94027,41190,54983
2010,5,22,12784,43425,36733,86429,27109,49209,41190
2010,5,23,82046,43065,81727,28214,43635,47063,32014
2010,5,24,71953,32687,12192,68558,49226,12212,27331
2010,5,25,46275,85738,97022,49151,63257,6587,42998
2010,5,26,57283,97776,47980,86418,57553,34712,52847
2010,5,27,1013,272,20388,83059,43337,2114,57624
2010,5,28,86971,65528,59637,75275,14566,21829,63832
2010,5,29,63792,34040,7515,26418,36129,4536,65568
2010,5,30,99385,27474,44917,73020,41602,42896,59437
2010,5,31,99154,93960,48635,16518,94231,19023,9576
2010,6,1,53919,71136,27199,40889,36664,3188,26164
2010,6,2,67581,75016,76347,31372,25407,213,77789
2010,6,3,61536,4749,49708,77272,48574,44624,30291
2010,6,4,90175,3872,26080,5680,14183,24714,62198
2010,6,5,8413,43736,21773,78684,31224,15324,29572
2010,6,6,84239,68511,52087,51819,59878,44786,29543
2010,6,7,85284,44998,73683,63171,66098,23391,30443
2010,6,8,14672,34366,7085,21198,54589,33164,16878
2010,6,9,68771,24230,49075,93536,84317,37199,72219
2010,6,10,15540,52522,8142,16130,37384,26581,77949
2010,6,11,97261,21366,83843,82545,82715,7525,42067
2010,6,12,48813,97267,18861,79836,47985,42298,21033
2010,6,13,2573,91813,44262,71344,16042,9688,61231
2010,6,14,359,96887,53449,32250,65760,27942,48380
2010,6,15,3144,54522,32680,404,92239,16522,89300
2010,6,16,74954,74046,61367,40118,87665,46579,76305
2010,6,17,35649,38876,53689,38221,30689,47951,5916
2010,6,18,46730,7638,7146,63440,20876,26946,52042
2010,6,19,86636,71240,60421,89779,42113,9452,86534
2010,6,20,34352,25973,22186,25657,16370,49904,82126
2010,6,21,20386,96482,18430,56034,35358,22118,34255
2010,6,22,66046,86420,36522,29127,94058,10020,88919
2010,6,23,31285,53317,20960,17920,24556,31380,54050
2010,6,24,66669,7183,46936,17372,49507,19121,33028
2010,6,25,65876,69024,25153,86262,65505,9934,38647
2010,6,26,17214,32051,69253,83259,34823,5775,38738
2010,6,27,45232,65794,37656,76516,35462,8615,64436
2010,6,28,60018,56346,34837,43038,79880,31772,40409
2010,6,29,29386,50892,19788,11613,19915,11292,7874
2010,6,30,1772,21225,72873,18985,69627,42125,42244
2010,7,1,4449,47899,47333,49680,30044,1340,32548
2010,7,2,65506,76306,36983,41875,49003,38171,64912
2010,7,3,28882,69943,45320,58267,37186,31459,39879
2010,7,4,57101,42750,84105,75224,80326,6977,74208
2010,7,5,49952,99101,12803,70753,63352,10135,16784
2010,7,6,9747,61474,79331,91604,54131,32665,13478
2010,7,7,3133,20836,34741,32014,7130,46412,86632
2010,7,8,44315,77870,76511,17767,20619,26967,72990
2010,7,9,944,33943,87198,67248,49395,50000,18000
2010,7,10,29098,76487,91135,38845,54312,20466,56800
2010,7,11,8443,3130,80278,11575,40317,15018,59941
2010,7,12,63798,11430,66572,8113,89299,9434,52231
2010,7,13,26270,36400,51573,43565,86694,5122,20812
2010,7,14,36089,71473,65163,81538,47959,6298,26734
2010,7,15,18623,43115,83534,27065,62596,13811,4991
2010,7,16,2913,95180,31283,66710,6609,14207,81174
2010,7,17,12260,73640,49757,54881,26392,1329,18445
2010,7,18,13085,56450,25609,65525,44274,7123,17063
2010,7,19,92233,63420,148,27207,22886,33681,80623
2010,7,20,85482,63843,25613,4746,59023,23248,57807
2010,7,21,81983,87454,78981,10594,77445,28737,65474
2010,7,22,3836,46417,80271,33273,19218,5879,18797
2010,7,23,63491,13001,62211,72075,92773,28711,29281
2010,7,24,32010,62391,69903,17491,26234,11868,62236
2010,7,25,1608,1467,10043,83590,88920,5375,84184
2010,7,26,66364,50463,76009,86552,96879,6279,49824
2010,7,27,32448,78509,34972,95938,7862,13535,78013
2010,7,28,16986,92245,83645,48995,70987,19900,52838
2010,7,29,97220,98119,5073,98827,99585,31467,58769
2010,7,30,88504,53193,9304,71219,3655,35312,24122
2010,7,31,16885,57943,93945,49332,52803,45269,65270
2010,8,1,60664,75155,29634,94001,83751,29630,2996
2010,8,2,54737,99529,42185,68309,13999,47257,53487
2010,8,3,13583,95076,82255,2086,64620,41558,79657
2010,8,4,68275,93222,63778,1511,51164,24075,50843
2010,8,5,3966,35695,12464,80982,10849,42097,21334
2010,8,6,10951,88078,50681,65687,3959,42865,50347
2010,8,7,17957,56474,33834,31540,67901,16088,59977
2010,8,8,32520,23998,55985,794,17219,19763,22305
2010,8,9,84734,10189,69499,5051,45883,31962,42384
2010,8,10,73083,40410,93718,84033,28487,44398,26071
2010,8,11,32445,37263,16418,66754,93736,251,8293
2010,8,12,77988,82690,48269,10507,6687,4254,17653
2010,8,13,40257,40368,29957,24990,66908,15807,60041
2010,8,14,12790,97768,48776,2224,54529,42493,36256
2010,8,15,99367,86891,68678,48164,40505,35095,14917
2010,8,16,50592,35345,13209,28579,18035,27829,79085
2010,8,17,41073,98434,66737,81330,55153,13045,72671
2010,8,18,22060,45203,69063,51201,42970,17839,73424
2010,8,19,13850,76683,56031,13217,63573,24709,11380
2010,8,20,20429,9803,76296,87372,61500,5856,65950
2010,8,21,95886,36,71387,53310,98470,4475,30991
2010,8,22,69974,67520,73662,92034,12722,9076,29586
2010,8,23,72044,93266,29362,2245,69949,35392,45461
2010,8,24,49873,26452,93192,70302,52607,19487,27673
2010,8,25,30458,91694,89975,26343,91730,11361,79652
2010,8,26,6551,15835,30643,76524,99706,20656,34909
2010,8,27,28780,79731,44495,17175,89349,40208,9419
2010,8,28,59297,75599,51232,9169,18403,44423,35822
2010,8,29,71009,13910,69847,17818,21955,9821,64160
2010,8,30,13684,37533,40163,20234,69719,37157,53110
2010,8,31,85777,7812,14370,14556,3895,25216,28082
2010,9,1,93243,65423,83852,68891,41022,35083,18059
2010,9,2,75776,79506,90233,63136,9767,10079,60953
2010,9,3,31721,36251,25112,61757,73783,31626,21990
2010,9,4,59853,68783,11451,45629,76594,25821,56536
2010,9,5,80488,1036,24617,90082,66459,24821,68972
2010,9,6,23832,59903,53383,99607,55760,43615,89094
2010,9,7,65526,3693,60046,13599,39943,35157,25355
2010,9,8,30077,66782,73696,89929,35564,35147,71910
2010,9,9,28510,27319,28445,25349,44706,19414,11783
2010,9,10,27516,94234,90754,51347,70488,44136,77305
2010,9,11,26248,4102,46398,8125,24146,22795,71723
2010,9,12,80440,24303,13429,10516,7437,37125,76797
2010,9,13,59352,88623,85058,87861,32293,29854,39562
2010,9,14,76998,99267,61344,4514,9852,2097,52212
2010,9,15,80340,12585,55869,22939,33038,18618,61063
2010,9,16,57184,41413,69138,37623,65715,32566,14491
2010,9,17,73151,69690,97639,32503,74664,32696,26715
2010,9,18,6956,28901,66276,83954,44520,27619,44819
2010,9,19,54371,96068,93382,51062,25004,49250,30352
2010,9,20,58041,84220,21415,31576,41984,40552,59199
2010,9,21,24050,73117,50041,13553,59159,14031,82407
2010,9,22,33822,63078,99121,40778,91978,31749,41083
2010,9,23,36497,9367,62253,7220,21786,5634,34633
2010,9,24,46789,21236,64985,21182,5455,2751,22757
2010,9,25,63790,93302,38307,87839,82770,38347,21391
2010,9,26,58280,68729,63797,92102,31806,29270,49231
2010,9,27,23784,61018,6665,76632,86736,18917,23851
2010,9,28,8522,24550,58484,71662,62137,23468,19195
2010,9,29,67591,26218,61952,31380,35871,258,15571
2010,9,30,34992,4957,36961,93272,73685,17110,11725
2010,10,1,21843,96379,67307,45626,57396,23971,12257
2010,10,2,60483,59239,6108,69004,140,30943,37018
2010,10,3,62277,4410,66212,46219,46979,44515,63951
2010,10,4,99201,44773,29521,34192,66081,32833,73815
2010,10,5,56117,99942,45539,77959,12672,29197,19936
2010,10,6,86419,19519,78545,46902,78757,1004,72257
2010,10,7,95249,81946,89274,73877,2707,21838,60095
2010,10,8,49685,16352,30397,65237,77476,26269,59428
2010,10,9,59908,75454,43243,16025,75395,5133,30335
2010,10,10,4419,34330,66623,90837,70200,45167,4090
2010,10,11,65309,46170,86347,60557,28115,41972,44433
2010,10,12,47173,80161,70879,13209,96513,1276,78445
2010,10,13,73988,93896,77872,33896,69349,37466,26272
2010,10,14,61096,58951,92958,65514,9632,9580,72702
2010,10,15,79831,4746,26792,45139,50915,29490,45695
2010,10,16,95381,37813,56479,42553,17974,27358,12113
2010,10,17,14486,44985,50557,4825,38880,44781,15072
2010,10,18,24581,98598,21343,85676,57548,14301,11189
2010,10,19,67179,73880,40242,47010,94978,33385,18500
2010,10,20,45892,12874,14195,57625,50687,37025,76529
2010,10,21,68660,14382,88642,99497,75718,5550,34321
2010,10,22,30950,330,59393,55530,98928,47087,1205
2010,10,23,72827,27739,8745,40006,17971,48986,73367
2010,10,24,12948,48723,11866,75191,61596,26060,82815
2010,10,25,28634,29437,65696,13645,43818,4337,59493
2010,10,26,35888,26238,33814,66837,26568,9558,58718
2010,10,27,41847,22996,79922,14673,50735,5018,41030
2010,10,28,68705,70355,74396,98004,19077,36262,3194
2010,10,29,97025,28673,6009,25658,58109,38056,49303
2010,10,30,18279,42392,68795,54166,84981,18960,57354
2010,10,31,27900,44869,76071,69746,84217,5992,60771
2010,11,1,51303,77361,71800,36359,47715,46196,4362
2010,11,2,66792,48809,7555,63816,77481,29915,15825
2010,11,3,35590,17970,61479,53868,76713,46626,14385
2010,11,4,61694,65585,61738,89593,26806,37808,45691
2010,11,5,11022,10151,92813,78676,87511,30964,75034
2010,11,6,35225,43511,49395,18368,92319,23301,8535
2010,11,7,86152,3216,4360,21741,37537,15838,51960
2010,11,8,30602,12463,32696,92295,94400,44433,38239
2010,11,9,21205,48592,90281,48578,58742,49445,27253
2010,11,10,62604,80409,58638,14180,23919,8032,38900
2010,11,11,32590,97684,47434,18741,899,1793,36833
2010,11,12,54788,17631,48792,85389,30093,31487,14035
2010,11,13,24492,92271,8625,62048,40862,48906,46977
2010,11,14,15955,14702,54229,94910,95110,12866,65441
2010,11,15,35381,37249,74340,67970,34933,21774,23062
2010,11,16,52183,73566,59894,23322,7548,25037,8710
2010,11,17,53993,22875,19096,78484,15145,27721,86884
2010,11,18,72358,42978,83860,4664,57679,38089,85925
2010,11,19,52789,67306,41365,88169,20907,32057,32490
2010,11,20,72191,53830,75551,24373,43747,1796,37695
2010,11,21,67647,76832,72756,21639,99706,41852,26474
2010,11,22,31202,19572,73357,19911,62549,7217,80926
2010,11,23,20227,11657,73202,89367,95314,14566,23887
2010,11,24,16220,62974,66376,88410,33155,8278,39135
2010,11,25,76902,26425,93181,60900,3256,15936,22538
2010,11,26,19313,74139,15363,66866,10062,38720,63128
2010,11,27,72610,62288,44053,9189,73944,17254,44907
2010,11,28,69257,48172,8794,1829,27497,41521,20238
2010,11,29,60652,66151,35724,53905,92575,28904,64804
2010,11,30,95831,11192,13693,31495,85330,29055,38361
2010,12,1,95392,17774,1488,84353,80061,11893,69893
2010,12,2,70356,95498,24800,39613,60021,33593,37793
2010,12,3,87518,41465,64382,48169,7615,106,28425
2010,12,4,190,29009,33228,12372,56552,46920,43866
2010,12,5,41882,92326,58578,53625,26452,26418,64329
2010,12,6,6512,38310,64222,93220,50159,5373,39184
2010,12,7,26532,38965,6976,30401,96781,21357,44921
2010,12,8,4396,71462,13345,4585,16823,46572,36956
2010,12,9,73374,9843,60821,31607,2168,35751,21583
2010,12,10,28619,12168,55912,51483,66829,36485,64702
2010,12,11,16987,41857,93885,59870,97173,17212,60270
2010,12,12,93953,88568,85190,14700,76382,48534,69284
2010,12,13,9556,61457,52591,99281,87651,29764,40888
2010,12,14,6171,65514,48822,51141,77681,21085,2623
2010,12,15,44509,57569,63676,77847,15777,23912,7717
2010,12,16,29301,7475,27986,39606,96043,29528,74305
2010,12,17,88776,28061,89941,98331,5870,42531,27611
2010,12,18,93520,72294,44850,99690,37807,10024,80831
2010,12,19,15487,31108,69805,76347,5029,49833,34194
2010,12,20,37157,23744,91910,82810,31219,36247,72415
2010,12,21,43613,65774,93071,48740,10187,33011,37070
2010,12,22,16056,41894,61032,9575,14187,22234,5617
2010,12,23,68346,48609,92799,184,79716,12603,66531
2010,12,24,1096,12435,30724,54605,52531,22633,27414
2010,12,25,101,75231,76180,60065,41005,19250,88804
2010,12,26,51191,68613,72225,67246,10506,49608,13172
2010,12,27,41044,88193,18788,9389,36801,11586,65925
2010,12,28,32869,90541,2455,33964,19327,33178,68568
2010,12,29,71857,72162,42333,88309,47392,18512,58373
2010,12,30,4748,87762,73528,55938,72726,45752,89535
2010,12,31,99583,95360,32707,40626,83552,17846,66367
2011,1,1,20353,95784,92291,69573,2676,44745,83536
2011,1,2,22002,44274,8456,10211,32787,788,18519
2011,1,3,96530,85652,63244,1278,89765,36771,73567
2011,1,4,62490,82523,13102,62072,94234,12160,9049
2011,1,5,94137,30005,1767,30841,42140,44057,80413
2011,1,6,44815,5153,20301,83169,65778,28756,63379
2011,1,7,98564,95895,91897,11446,97898,21492,82723
2011,1,8,87662,8263,2641,66503,7137,15742,24926
2011,1,9,1370,94253,63975,95506,40610,32093,6347
2011,1,10,82749,76150,26759,43916,97654,13411,77084
2011,1,11,63432,92166,20462,78347,4413,28710,49792
2011,1,12,2310,202,18866,6324,24816,21507,52826
2011,1,13,31952,53600,34104,49673,47853,48078,15178
2011,1,14,88462,80170,87876,87562,72671,30987,41477
2011,1,15,86677,94397,74912,66460,2915,11725,34806
2011,1,16,23679,40435,50950,42340,56988,36167,38663
2011,1,17,98155,24025,37841,30106,93977,21944,89778
2011,1,18,58181,86373,41307,46642,82894,45535,50555
2011,1,19,71917,76521,98384,58593,87269,23295,45052
2011,1,20,90183,85020,86209,13861,41806,3510,12553
2011,1,21,15145,56029,21215,13299,80053,9055,19756
2011,1,22,90381,47350,55885,48561,33722,13543,1554
2011,1,23,16616,59077,62109,88532,51949,10492,37124
2011,1,24,55570,50138,88527,45752,35157,24735,35965
2011,1,25,93314,44597,48517,8458,625,36083,68108
2011,1,26,97029,61490,97863,87410,8839,20099,55970
2011,1,27,42561,83642,47524,75528,59070,9632,14059
2011,1,28,11019,86475,27534,66588,36612,16060,88691
2011,1,29,71769,7146,21007,81434,68094,35875,16244
2011,1,30,68718,71958,44351,65747,49799,8566,73156
2011,1,31,58637,28664,89125,17549,12305,36648,83076
2011,2,1,87727,62631,57134,98745,49105,1019,11684
2011,2,2,85717,33430,10374,73837,56928,47733,35270
2011,2,3,25021,33607,61513,93739,21916,22216,59485
2011,2,4,71714,80781,28992,30351,25796,34468,77899
2011,2,5,54453,71116,57327,42179,33746,14460,77275
2011,2,6,99203,31831,38958,84919,65260,15683,85107
2011,2,7,22187,13415,46728,47208,63374,8241,87298
2011,2,8,85289,46808,33134,57003,43940,12125,3705
2011,2,9,69735,96592,67955,24187,84059,25281,32717
2011,2,10,34157,56093,39991,33359,87923,28948,34629
2011,2,11,69534,60983,9735,91721,74397,6462,85280
2011,2,12,37770,81054,12577,39411,27861,12062,42765
2011,2,13,88152,24186,16469,57887,37129,775,48425
2011,2,14,21188,26056,81142,55344,98500,37484,75054
2011,2,15,2774,32784,39682,72307,93766,15768,50379
2011,2,16,68162,38581,52010,22284,19635,30938,61694
2011,2,17,63847,42999,74458,51999,83536,7278,46237
2011,2,18,20665,8052,41013,41852,50459,38506,23547
2011,2,19,65310,75990,34952,68083,8773,40985,26742
2011,2,20,2538,56752,53472,87051,11684,21834,15686
2011,2,21,31318,2771,87379,11517,45770,28188,3515
2011,2,22,29305,85465,6103,66321,9869,47115,64524
2011,2,23,60327,85621,54422,25637,61610,39373,40071
2011,2,24,86734,96709,66812,5623,69812,36636,69025
2011,2,25,81496,58469,34711,29165,77591,22089,80681
2011,2,26,23360,277,20547,69017,2093,26649,1689
2011,2,27,11961,90116,76213,88640,75736,30634,24276
2011,2,28,53697,36359,40698,56782,33067,7510,22404
2011,3,1,2879,60497,71428,726,18965,6138,49890
2011,3,2,96555,44579,70571,36267,61207,7469,81635
2011,3,3,63299,34118,89675,91612,40585,15887,70251
2011,3,4,16320,12873,10878,86368,49231,1575,3149
2011,3,5,98649,75436,5552,17879,52284,43331,48604
2011,3,6,71248,99469,64846,84155,60399,35416,6773
2011,3,7,21605,42884,74759,1255,93353,14433,32866
2011,3,8,33937,46672,89468,66608,59544,16697,52975
2011,3,9,25126,84624,96123,40126,60059,18026,8005
2011,3,10,12343,11357,92960,99942,27177,7805,30448
2011,3,11,87575,9572,53572,25531,68808,28330,66785
2011,3,12,78512,9115,36003,12449,55786,41822,35408
2011,3,13,31681,58519,48383,73158,43142,10857,3283
2011,3,14,19552,78883,87639,48246,6591,30599,54540
2011,3,15,33767,54755,81339,37693,80679,34911,83223
2011,3,16,49486,79592,90007,27997,88706,42361,66797
2011,3,17,60843,84183,52205,92523,42701,587,62032
2011,3,18,2194,61443,95315,21745,56677,32953,86343
2011,3,19,63267,79903,50882,13385,34658,32220,31077
2011,3,20,15336,67130,30651,81173,63074,37010,79169
2011,3,21,51779,79370,65966,28974,63552,18170,77848
2011,3,22,22604,35108,19880,24797,12902,15194,12894
2011,3,23,85931,14498,49236,49197,94401,16469,48934
2011,3,24,45410,48688,46362,77097,32170,27013,64621
2011,3,25,11595,14022,83789,79725,93391,16106,28698
2011,3,26,73295,627,46546,95898,35734,32777,77047
2011,3,27,64988,14322,99940,50918,28819,15527,36466
2011,3,28,39571,81995,95399,1332,47034,8113,78428
2011,3,29,95555,35125,53048,7149,65498,3189,53226
2011,3,30,75240,35646,11923,48534,36273,24820,50784
2011,3,31,88358,57596,14182,53345,88269,30473,20614
2011,4,1,17088,95999,37080,56658,94345,48830,4342
2011,4,2,57730,6942,52769,69637,58418,22169,63137
2011,4,3,23915,91709,96362,15507,27354,8285,392
2011,4,4,79978,99456,41175,68336,73404,21708,8032
2011,4,5,61672,2180,58646,78759,98178,45725,61769
2011,4,6,8874,44554,26110,82956,51496,45230,32592
2011,4,7,26265,33750,45728,66532,41810,42090,2038
2011,4,8,69164,66726,62429,49141,66181,19956,43828
2011,4,9,39584,91663,71860,17608,93843,46857,56366
2011,4,10,8372,42581,64486,33598,3486,6947,56553
2011,4,11,71333,18529,85496,97598,68630,31223,24129
2011,4,12,10440,89664,46166,95955,56389,24946,1447
2011,4,13,22570,44901,95275,78505,52916,33486,16112
2011,4,14,63110,30342,8830,87833,89274,39667,77782
2011,4,15,92759,12966,54334,64092,31494,39829,78041
2011,4,16,16475,87404,42169,26914,77067,4686,52868
2011,4,17,33456,29631,84315,72377,90884,45941,67233
2011,4,18,60151,79426,63345,39612,26119,38526,7444
2011,4,19,15392,78192,65226,8150,91157,35911,88593
2011,4,20,39002,92092,66633,55477,79495,25153,32390
2011,4,21,72913,29838,21610,6368,75821,22276,55096
2011,4,22,83056,18216,62329,59558,13993,25673,19169
2011,4,23,40111,14198,26612,55502,8741,8189,70003
2011,4,24,99898,60452,68596,38899,52543,1580,20727
2011,4,25,48389,76733,93117,21301,22922,31078,4021
2011,4,26,98742,53353,39116,98149,71568,1444,17706
2011,4,27,1912,43468,56874,42022,74017,49838,73875
2011,4,28,99110,24378,10229,99007,84829,45176,4257
2011,4,29,53723,46756,64984,2111,39840,24452,39764
2011,4,30,62761,5529,136,61503,58881,39251,69651
2011,5,1,46800,57047,33709,48711,16866,40582,27084
2011,5,2,90883,90419,37310,89992,14797,13890,75350
2011,5,3,15977,59066,75958,69700,22173,7293,78162
2011,5,4,62012,48096,44277,24772,69976,44412,32626
2011,5,5,28856,83663,78629,92007,57061,12337,27069
2011,5,6,73926,19270,80504,81160,9689,34165,17503
2011,5,7,40837,98055,92852,73165,73472,35162,62864
2011,5,8,95644,58806,47378,74007,6902,41654,85130
2011,5,9,76877,36066,17756,22085,36080,12736,14091
2011,5,10,93140,25072,87512,83417,44341,34367,64577
2011,5,11,70381,18532,52079,27569,32938,11283,20734
2011,5,12,6409,62796,59949,18404,21601,7326,42410
2011,5,13,28502,98980,23891,5379,51397,41646,83815
2011,5,14,87476,54381,74257,96967,95804,11768,60383
2011,5,15,56497,46135,61311,26877,81018,29742,80798
2011,5,16,13955,91024,71531,20363,53819,31479,55118
2011,5,17,75419,38805,63879,20273,54136,37769,62003
2011,5,18,21884,45767,85817,25711,16499,10073,72677
2011,5,19,12303,38193,19411,85151,679,47074,88379
2011,5,20,81696,26815,99176,95650,17838,20706,12364
2011,5,21,88008,18537,3833,79778,73693,17711,40050
2011,5,22,27828,55479,58404,49711,17597,44220,85421
2011,5,23,34096,20645,14449,62750,58837,211,67900
2011,5,24,59515,47284,76278,41210,74098,25454,73211
2011,5,25,8287,62511,1926,12646,81047,22110,62424
2011,5,26,54739,89820,8825,98918,61650,17229,34980
2011,5,27,79247,11448,56752,29694,32092,21200,42443
2011,5,28,7280,37763,40342,66794,85046,16619,54355
2011,5,29,75496,8424,93917,83782,70935,12194,32780
2011,5,30,68333,34303,5203,39424,40474,14027,78341
2011,5,31,2124,97607,3321,97722,25407,10072,77415
2011,6,1,73850,47624,19857,81130,85386,26550,24275
2011,6,2,86783,9520,4982,62278,17944,15250,2412
2011,6,3,5230,27444,75191,89914,78098,46745,39337
2011,6,4,18572,27123,84030,37047,24730,3702,4768
2011,6,5,50136,63773,78534,23985,27748,14742,1466
2011,6,6,13133,91291,85741,99916,17162,7074,68545
2011,6,7,51457,22323,57308,56686,49766,32498,2952
2011,6,8,44216,45594,8640,62787,72717,42669,79833
2011,6,9,97446,96370,50952,63933,76495,29485,74269
2011,6,10,4242,44226,25735,33727,51868,27827,89994
2011,6,11,69029,34900,28538,20486,57222,2198,23523
2011,6,12,23340,51047,72826,67555,96641,31466,56693
2011,6,13,69357,90486,46525,83154,3208,47476,87086
2011,6,14,79702,43312,51354,295,3889,43440,84021
2011,6,15,55756,21266,84014,41136,72517,28904,17973
2011,6,16,46091,47453,71496,69430,98499,44321,3336
2011,6,17,95139,42138,28,80847,32624,46552,84000
2011,6,18,35831,60379,11085,31884,20042,28791,22178
2011,6,19,23930,72230,66199,96037,9848,16564,77172
2011,6,20,82364,11819,15145,28454,59271,2992,84235
2011,6,21,57770,63664,67570,69260,5802,17597,50107
2011,6,22,38425,30500,14106,90607,7230,41543,32490
2011,6,23,27271,20333,71019,51200,8914,37217,67236
2011,6,24,18761,20133,760,17477,48303,32256,85930
2011,6,25,7574,35247,60165,81695,98910,27734,40954
2011,6,26,4711,11683,17412,59487,58534,31518,56445
2011,6,27,65764,89412,88934,93034,26096,9953,20586
2011,6,28,35009,13521,24173,70122,50005,24932,57598
2011,6,29,98308,57187,33527,5881,92433,10043,63927
2011,6,30,7695,54129,71232,12405,65811,38644,28244
2011,7,1,40696,36513,54688,6459,42276,9974,45845
2011,7,2,68371,36278,76430,3379,49798,16954,13500
2011,7,3,16155,41886,61097,14462,15424,10976,86694
2011,7,4,24209,21018,40620,31903,75146,28203,10659
2011,7,5,40956,33198,48902,81652,69710,3590,24462
2011,7,6,11985,79915,20306,80355,16192,13087,70086
2011,7,7,82341,30041,89937,98495,88278,1034,89308
2011,7,8,3701,62009,66001,44261,83026,22972,46163
2011,7,9,74524,51175,36822,31831,84372,35723,63482
2011,7,10,70434,5664,34296,98770,85578,20953,5477
2011,7,11,18121,84040,95562,462,30432,35498,55308
2011,7,12,35061,52883,44616,55113,14891,10616,89374
2011,7,13,14269,49940,75536,88792,17466,28709,50622
2011,7,14,18189,30784,50456,88622,52799,1103,63744
2011,7,15,54729,72055,99220,72849,72446,44781,89662
2011,7,16,19229,96630,4970,54289,49513,49585,59402
2011,7,17,80755,76552,8775,11375,42843,662,60166
2011,7,18,60308,29371,37140,78497,60154,3947,23470
2011,7,19,29304,21401,87213,84032,93455,36432,76881
2011,7,20,82253,97564,46542,1481,94194,17863,72122
2011,7,21,43706,17447,81523,24460,10351,6649,85835
2011,7,22,53193,7310,52352,29853,53032,5843,84701
2011,7,23,29537,26141,8170,58841,47541,11735,22872
2011,7,24,57348,98166,16104,55952,12082,12646,87432
2011,7,25,6275,30508,29553,66332,64307,27427,7143
2011,7,26,91009,34075,59329,44201,57737,28033,40405
2011,7,27,10768,50227,15105,56657,92720,23275,25497
2011,7,28,56612,35009,74720,13959,49526,40824,19910
2011,7,29,77959,53469,43694,84233,328,39598,46916
2011,7,30,80986,33377,74059,71994,67451,49739,12547
2011,7,31,41539,77771,22951,68659,44350,38056,65315
2011,8,1,37069,77682,57163,93680,29042,31882,53991
2011,8,2,78567,22705,10252,72878,92525,3945,67110
2011,8,3,9205,59895,40378,90190,93271,30788,72184
2011,8,4,77073,80526,11082,18612,74649,34032,83622
2011,8,5,18998,88439,28936,56066,66120,36098,49745
2011,8,6,95161,34331,90087,90080,57036,339,22957
2011,8,7,49560,54283,36418,58764,30529,26795,5306
2011,8,8,23799,23934,27489,872,4460,4922,25835
2011,8,9,95460,88953,39456,14457,77392,34743,86874
2011,8,10,59863,70840,52970,55024,21522,43057,71455
2011,8,11,78557,43395,24411,44469,14029,27180,79584
2011,8,12,44558,53975,84889,68356,94260,28729,75579
2011,8,13,98719,83650,37765,10530,72603,27220,34986
2011,8,14,66346,78314,28211,26208,65505,31181,57583
2011,8,15,87027,40589,59037,65583,83983,49799,20051
2011,8,16,14363,76979,29635,58920,47305,30875,53628
2011,8,17,41564,59604,29206,40283,43253,33323,37164
2011,8,18,32207,76894,92150,14904,55208,36712,11112
2011,8,19,20712,34244,55046,7738,74832,14083,73321
2011,8,20,75166,13881,99723,89529,90859,45709,38448
2011,8,21,38163,76584,92075,79727,52539,37633,56361
2011,8,22,12143,37307,3524,60702,14200,12025,55605
2011,8,23,69407,65089,33068,90119,99332,38114,7856
2011,8,24,74164,18548,87528,49329,32428,3603,45209
2011,8,25,39639,65663,3657,94153,58598,12083,10231
2011,8,26,11136,66067,42943,39631,3373,12819,50332
2011,8,27,17573,74843,75936,3331,39931,25356,43449
2011,8,28,39263,29821,7657,29778,48368,11536,85458
2011,8,29,97147,15138,50667,53137,80801,4323,57290
2011,8,30,39398,82757,53872,66886,65176,46815,66516
2011,8,31,68548,59633,6847,2472,50827,49134,15803
2011,9,1,90758,24489,15603,46372,54309,39611,22501
2011,9,2,19028,51147,87958,16175,82636,38624,5663
2011,9,3,63436,9298,32952,19186,8407,36824,56071
2011,9,4,73582,99990,8938,58481,59622,15784,57305
2011,9,5,10448,31269,83107,17557,72110,15061,30280
2011,9,6,42770,54672,72780,61798,22170,27090,54324
2011,9,7,4805,32065,79986,84593,57715,29290,43778
2011,9,8,66121,32465,6200,56054,32454,31489,24534
2011,9,9,92075,63624,91838,18874,94892,41296,22783
2011,9,10,67001,22709,49414,9771,93732,38546,7920
2011,9,11,15901,15635,82243,20705,47699,28580,75297
2011,9,12,21765,7869,25426,87885,40333,47977,30290
2011,9,13,72786,79465,74824,81212,43088,33013,56438
2011,9,14,54332,90661,69220,37684,13369,18633,87454
2011,9,15,7100,57178,51725,39352,89164,319,50056
2011,9,16,53215,28899,81705,74979,36767,7130,42864
2011,9,17,93452,71459,39505,66237,50923,14328,53801
2011,9,18,10363,13693,80238,81046,4353,49457,18729
2011,9,19,34073,84441,82535,57524,41619,34259,56875
2011,9,20,47134,84578,73282,348,13476,4986,15327
2011,9,21,66594,78468,54542,60045,49926,44046,32634
2011,9,22,17200,24726,6434,43914,38418,36671,54959
2011,9,23,59122,36127,43688,9546,36919,26222,83421
2011,9,24,94889,76832,80295,42023,61409,19928,12370
2011,9,25,91236,24914,34048,74182,3381,38589,34226
2011,9,26,69658,98987,93211,3209,23712,49644,77123
2011,9,27,78481,86314,88433,37602,38792,32120,3499
2011,9,28,75711,74693,46919,70599,51525,43565,58973
2011,9,29,29285,13492,71343,36873,38405,5390,71054
2011,9,30,58137,10331,61631,44146,9317,4842,83707
2011,10,1,49380,54485,10829,27860,40799,15613,71813
2011,10,2,95942,64085,45311,88004,55129,42229,74955
2011,10,3,6653,52145,3927,52290,65636,41621,69162
2011,10,4,20393,13363,215,94881,23693,11845,59027
2011,10,5,49361,16686,2733,98740,87523,29913,56599
2011,10,6,44673,61877,24763,40614,25961,20073,44970
2011,10,7,81090,78653,19924,4094,30797,23850,86383
2011,10,8,96432,15471,45544,16824,45185,12110,31705
2011,10,9,85229,23955,67083,34589,56992,36167,19680
2011,10,10,60866,32431,92630,5538,94307,17392,32504
2011,10,11,20268,87464,7473,17709,82468,27396,61802
2011,10,12,13264,67597,78185,26047,99419,40080,12871
2011,10,13,44603,2190,70927,29831,42496,4361,771
2011,10,14,15839,40527,30450,76705,72957,23079,58594
2011,10,15,83615,56822,61097,3882,60637,18569,87942
2011,10,16,43104,12316,59744,56367,79913,4280,52414
2011,10,17,79331,10711,41636,23934,12900,28914,70116
2011,10,18,71747,83274,50887,3938,40152,31336,16994
2011,10,19,29460,20767,95587,13074,77588,23036,23308
2011,10,20,54577,57956,71249,97680,70272,47344,10399
2011,10,21,50184,17975,52812,45866,28686,10799,56151
2011,10,22,57937,56064,56267,29684,39337,7153,89973
2011,10,23,95840,4840,46966,41651,41958,8904,74724
2011,10,24,35898,31939,4383,90474,89895,41984,68153
2011,10,25,76518,55679,58551,43053,73654,27714,8918
2011,10,26,2339,54864,75069,60275,10927,47687,26310
2011,10,27,66615,54839,72634,62454,76030,19599,4104
2011,10,28,17988,78503,75180,53885,26793,45914,64358
2011,10,29,16687,4249,48862,93204,59928,7413,76256
2011,10,30,49933,51478,41526,52271,22694,32946,78897
2011,10,31,33620,80632,51559,235,51822,24192,9040
2011,11,1,27851,60143,99496,45838,54997,41027,29722
2011,11,2,81789,86940,60431,98476,7541,9293,88031
2011,11,3,67468,33057,60639,17400,84534,18516,16022
2011,11,4,23579,51461,31270,57199,32092,49180,13785
2011,11,5,83913,23372,69176,28115,99866,18671,3953
2011,11,6,54862,76049,90026,36650,79341,457,31477
2011,11,7,86881,59749,75860,70700,92805,36498,58099
2011,11,8,93690,71365,90472,17269,22825,38093,20819
2011,11,9,71268,37273,64603,55180,76996,130,73294
2011,11,10,76861,35153,73598,31722,11201,13624,18371
2011,11,11,90541,30432,19848,93773,90180,45707,14472
2011,11,12,99336,48556,68922,93025,19920,25745,86645
2011,11,13,59096,13838,17463,30363,51110,48417,21894
2011,11,14,28105,48547,1539,21317,51,25137,33038
2011,11,15,11251,55112,21408,18144,85543,7607,88268
2011,11,16,92074,69665,92740,91409,34572,28013,80785
2011,11,17,54491,53758,43782,13586,83947,11244,10300
2011,11,18,35056,76013,62193,79512,40911,13732,67180
2011,11,19,40961,55220,70217,68563,10331,7976,23058
2011,11,20,12225,65583,31326,4298,51599,40417,2058
2011,11,21,86171,18429,12842,57013,88538,22975,30599
2011,11,22,72484,34219,47250,23891,26583,9443,49754
2011,11,23,67493,73174,36933,8453,28393,7149,3367
2011,11,24,55075,31477,96425,67299,97059,27750,37948
2011,11,25,65009,84518,5,51179,2946,29198,48192
2011,11,26,91484,2173,95142,63967,52743,42391,54210
2011,11,27,79325,68185,23963,46817,57710,10896,31621
2011,11,28,86102,84396,64987,57528,15872,27763,84826
2011,11,29,29282,21864,29125,94291,6381,29129,31821
2011,11,30,9327,74679,70012,17162,76851,31505,77480
2011,12,1,29593,40248,1689,25269,8432,25652,42085
2011,12,2,66142,2899,60057,68595,87294,41395,66123
2011,12,3,3166,19158,67300,32447,41021,46425,63089
2011,12,4,63754,41905,4910,89432,16583,41273,16593
2011,12,5,93433,72778,20424,39377,13025,38465,24645
2011,12,6,37808,64116,53081,20301,83366,29489,68896
2011,12,7,70659,70884,31370,90176,6393,48669,52623
2011,12,8,63765,11445,65711,27518,53350,20620,66949
2011,12,9,69932,61893,39893,79717,51022,10317,15445
2011,12,10,80398,98781,90,34557,79248,19522,24858
2011,12,11,62613,99011,43753,49623,86246,41474,9799
2011,12,12,92638,6494,78773,56402,17939,44483,20272
2011,12,13,87640,31455,17220,73923,9699,23465,23639
2011,12,14,77072,33781,89084,57469,48913,5525,22025
2011,12,15,28160,75046,63234,7124,90408,23338,86746
2011,12,16,76653,14811,96544,85642,21305,41668,78396
2011,12,17,55595,36151,58667,43234,83957,42238,27156
2011,12,18,10007,65702,87147,87078,15834,26230,80898
2011,12,19,64746,98106,69274,9257,89503,32508,26380
2011,12,20,79911,55845,89478,72915,70656,36021,14909
2011,12,21,8312,77689,33304,63906,30191,8322,23491
2011,12,22,30499,559,40646,56857,82613,44144,13934
2011,12,23,14798,20373,21183,79544,34830,40456,88800
2011,12,24,24333,22963,21532,4243,95160,11009,53509
2011,12,25,65815,13381,68417,90478,7421,18072,64383
2011,12,26,53963,26393,94225,84461,43304,34870,21317
2011,12,27,42268,79014,1602,57065,15738,22784,56608
2011,12,28,50568,29592,41760,74900,52554,13291,55494
2011,12,29,64065,90651,5354,29879,4031,23771,66708
2011,12,30,11452,8194,91090,65414,34587,35314,26227
2011,12,31,94242,36536,7543,36509,31901,25497,83573
2012,1,1,63990,48280,46533,14557,94223,4644,5808
2012,1,2,46777,84286,17653,10841,74936,23007,37072
2012,1,3,78966,13129,10131,6769,21322,1221,12183
2012,1,4,72260,2886,38409,66501,55773,12303,53009
2012,1,5,4025,87799,12934,68015,52431,25818,48923
2012,1,6,46653,80461,21083,9781,81098,38735,26974
2012,1,7,56033,78093,10397,51350,91221,20527,48119
2012,1,8,28895,38099,30301,1154,57337,35061,87655
2012,1,9,29461,63715,87015,33486,67866,16300,51500
2012,1,10,20296,92117,16774,83300,88929,37856,29433
2012,1,11,70026,92943,62758,26058,71035,23154,77408
2012,1,12,78608,10032,51878,7502,48131,48530,65007
2012,1,13,21819,83590,9013,51279,63656,46028,44764
2012,1,14,31521,28679,2615,68168,20796,35741,27820
2012,1,15,9724,73596,77252,79750,66538,40009,32159
2012,1,16,53925,29514,15918,32532,39545,17795,76385
2012,1,17,4027,66324,81391,25845,66265,40404,43476
2012,1,18,29921,2783,94591,61441,31461,47206,59609
2012,1,19,68608,32946,97428,78332,22893,41031,84433
2012,1,20,5783,47391,12943,59707,76904,28861,48590
2012,1,21,32800,96655,64974,53179,62979,46364,59023
2012,1,22,29243,53119,88850,59163,55901,33441,16956
2012,1,23,3714,96998,66564,72321,29943,30343,47004
2012,1,24,69187,87725,41436,74969,35115,4379,1027
2012,1,25,12018,99591,59616,61169,96245,24589,54347
2012,1,26,75575,70953,9722,4818,24071,48571,10332
2012,1,27,96324,98363,17287,37,95360,202,12357
2012,1,28,41654,96896,39361,10841,84620,47148,42161
2012,1,29,36086,67878,53188,64455,67468,12803,55624
2012,1,30,63713,53744,39970,39287,24696,16043,20456
2012,1,31,65118,64614,57140,77793,62976,40778,17829
2012,2,1,74688,90980,66538,16341,4227,22250,67181
2012,2,2,5199,19397,29342,41284,3627,48881,15739
2012,2,3,71094,28035,31362,51158,81778,37683,76797
2012,2,4,22825,70078,67252,4295,51043,40743,12087
2012,2,5,30370,31521,76268,5057,22500,42805,61398
2012,2,6,43078,65054,64930,48276,802,44271,59560
2012,2,7,4428,9503,95298,91874,37538,43011,73031
2012,2,8,19315,47045,49827,42140,17122,33431,46434
2012,2,9,68164,90525,28520,98534,22045,4787,39942
2012,2,10,60896,63943,41339,3974,45348,6269,78601
2012,2,11,46150,16891,58160,66929,42746,19809,18802
2012,2,12,80283,29171,18185,99597,92568,34363,8088
2012,2,13,9689,17793,20873,94205,24670,15745,29090
2012,2,14,46714,86883,29031,7610,50826,36722,17935
2012,2,15,96173,9342,96535,58674,26232,21047,85603
2012,2,16,68977,40855,756,65611,86378,18940,41560
2012,2,17,78945,3303,39647,4985,37447,26872,85541
2012,2,18,62116,42616,24630,8830,29498,20013,22791
2012,2,19,96675,73086,60725,9200,82427,7259,87873
2012,2,20,25010,44657,9827,93987,85512,10583,65949
2012,2,21,88241,29522,57508,67185,32824,13507,72169
2012,2,22,86623,90378,87710,48738,32993,28691,57567
2012,2,23,78842,15055,6709,91869,88140,17433,11068
2012,2,24,86918,41044,85292,11928,85700,45119,32266
2012,2,25,87563,22053,98214,75803,67926,5722,9339
2012,2,26,750,69228,31508,87372,75957,35569,12461
2012,2,27,25301,80611,26380,20494,12018,33088,22362
2012,2,28,157,16873,29781,87075,57916,15073,25354
2012,2,29,59967,26543,37619,47530,48595,35832,9684
2012,3,1,16520,7905,99023,33621,93484,46882,67344
2012,3,2,69440,98802,89805,11092,79412,32536,11586
2012,3,3,7781,65623,43947,24290,82495,23728,87716
2012,3,4,56762,5152,43069,16729,31694,30687,40610
2012,3,5,96640,32870,36645,29511,40775,35667,43132
2012,3,6,50610,98900,16827,20050,97701,22983,47493
2012,3,7,93465,55518,79078,1245,37493,39377,15534
2012,3,8,19987,29456,53249,76749,34607,46317,89829
2012,3,9,82652,93355,90438,79291,26225,27082,85153
2012,3,10,83351,79101,4636,33960,78000,21463,70361
2012,3,11,75701,60797,17854,85517,32667,13283,46761
2012,3,12,70159,52659,28647,90145,82114,31895,56893
2012,3,13,33072,94564,76721,15723,87918,33510,31365
2012,3,14,30494,26944,36518,13844,6044,41153,84156
2012,3,15,84043,78967,34516,76095,39764,2369,81611
2012,3,16,72430,65652,64724,42588,34662,43370,69084
2012,3,17,16776,91616,32329,66199,2531,25401,71922
2012,3,18,6801,8911,9638,37294,35854,12507,27490
2012,3,19,41897,20012,31645,42291,98978,16160,88386
2012,3,20,55093,34881,96348,43874,16884,27423,12813
2012,3,21,51545,70792,51897,68320,78760,577,4519
2012,3,22,81290,25977,32792,88090,34887,8781,71736
2012,3,23,87092,21288,9225,45340,41299,7221,87631
2012,3,24,40276,39732,22368,11721,74612,35067,41946
2012,3,25,91495,12490,74759,43040,83281,43007,7711
2012,3,26,78392,43583,78581,76034,69559,27724,64123
2012,3,27,20798,86505,22210,7889,7792,47786,83229
2012,3,28,65442,5006,57211,22069,44738,29578,23789
2012,3,29,35701,30996,5735,27196,43485,46845,6587
2012,3,30,43118,56203,30649,21509,99785,9230,7542
2012,3,31,85695,53305,78017,22844,39809,16578,87085
2012,4,1,63952,64364,16665,45745,69369,23875,77814
2012,4,2,30458,69804,17954,66159,799,40040,19706
2012,4,3,44284,36884,96292,3753,93086,43292,65261
2012,4,4,9222,52521,39155,11269,22178,33523,14112
2012,4,5,78338,50100,81196,58642,14463,47860,34386
2012,4,6,184,88086,72199,46993,57889,40153,59503
2012,4,7,75040,46544,39208,35675,83428,1851,19427
2012,4,8,92865,95143,81039,18439,64015,36545,69707
2012,4,9,86192,70067,63818,64530,20167,11366,13171
2012,4,10,50981,59225,27556,51164,47311,16107,18157
2012,4,11,21551,22611,27659,96590,69154,33219,88616
2012,4,12,68933,35069,88042,78150,46563,35433,56588
2012,4,13,10578,21977,42646,96769,92044,6463,37650
2012,4,14,12210,67828,17172,63190,43405,11080,80706
2012,4,15,90715,77186,45214,28617,16148,39224,41559
2012,4,16,1653,72442,90174,70586,23863,28216,75087
2012,4,17,70425,63648,78026,81002,85624,20671,54123
2012,4,18,94019,27133,88124,22580,11313,5296,42122
2012,4,19,54717,66375,32827,61783,59912,44392,60399
2012,4,20,76059,83615,31957,77711,72409,38483,44648
2012,4,21,96271,16698,29734,83047,96697,7759,70401
2012,4,22,98672,28429,74523,9043,71914,28998,31622
2012,4,23,83226,84293,33743,54294,50667,16569,26076
2012,4,24,26930,77312,22826,2988,60927,4783,17051
2012,4,25,49687,9617,61698,62309,42666,7784,85355
2012,4,26,39362,31894,25755,54385,60323,16629,3427
2012,4,27,48588,95627,95049,31813,79919,45143,86106
2012,4,28,46938,28064,18533,73867,5375,41358,73207
2012,4,29,66301,12492,90257,15987,22108,18306,44647
2012,4,30,64773,76089,40002,20486,7983,32108,51223
2012,5,1,84657,98737,54649,33244,10715,16049,81408
2012,5,2,6985,11192,83865,70274,39255,2397,40493
2012,5,3,44629,43754,53699,27282,72598,10307,59620
2012,5,4,94705,44964,54267,59478,21053,10620,76315
2012,5,5,45387,92727,87537,46395,7815,42186,89638
2012,5,6,18529,24586,77397,41866,52129,11261,62139
2012,5,7,7735,63657,72631,68716,23762,42681,15997
2012,5,8,96359,2987,71968,7416,47951,42586,33245
2012,5,9,85355,53205,79559,47093,62284,17096,83487
2012,5,10,70098,25633,89476,4979,50218,16872,86844
2012,5,11,18699,44484,75334,26433,24492,47965,85148
2012,5,12,64605,6997,7496,60964,9984,45816,88379
2012,5,13,74286,38401,51623,75992,7958,47533,43084
2012,5,14,70241,14628,32922,56690,40260,22397,21668
2012,5,15,6830,5620,24863,41880,50103,197,58312
2012,5,16,90946,64513,79812,55550,71509,37307,82865
2012,5,17,97844,99474,17595,88481,37875,35569,34472
2012,5,18,45832,33102,3907,32424,47729,36828,89113
2012,5,19,4341,75576,67133,27522,81195,41995,89401
2012,5,20,47649,8543,54064,38594,89407,33875,34144
2012,5,21,77268,37534,43360,91463,37007,10955,69944
2012,5,22,91233,46523,60767,53416,79624,14674,25839
2012,5,23,27353,1501,74952,48045,93429,8436,85566
2012,5,24,74623,66782,61318,22272,91677,15381,67217
2012,5,25,81083,65608,87712,74702,3141,31072,56165
2012,5,26,56499,92026,46108,47732,38548,23226,41147
2012,5,27,18172,87899,3338,61876,5752,28289,16272
2012,5,28,99180,53076,18189,90154,19857,29506,28777
2012,5,29,11533,11238,5994,8968,76845,10057,63669
2012,5,30,96337,41128,49833,52836,49505,12292,56919
2012,5,31,4405,35518,34417,38928,39768,37754,60803
2012,6,1,61871,32394,43426,61050,85469,11614,31204
2012,6,2,5326,57471,79980,33210,85060,2325,12177
2012,6,3,61905,12382,25846,74593,69861,42030,23780
2012,6,4,19366,20674,60698,40122,72543,45115,69049
2012,6,5,28662,32868,79851,90533,65262,39628,31582
2012,6,6,50730,17593,19137,72407,75063,15469,45617
2012,6,7,60122,34145,47793,38378,46526,39990,72971
2012,6,8,32739,98372,56750,68456,35397,33800,38577
2012,6,9,7939,45266,87625,52952,78133,33827,23484
2012,6,10,59746,23454,11418,26828,57398,46906,79234
2012,6,11,32460,62374,21202,8933,96519,35347,83663
2012,6,12,59396,75336,92985,8486,90059,16086,46941
2012,6,13,25455,16237,1869,49745,61502,39493,52697
2012,6,14,39635,89671,62532,15732,29476,23949,52559
2012,6,15,86873,20855,58145,35684,99580,29346,60969
2012,6,16,12450,64692,40983,88198,56380,33967,46683
2012,6,17,46438,16404,89976,88245,32641,41844,87989
2012,6,18,94142,97689,57037,50128,3711,19569,25860
2012,6,19,33187,9869,8418,36411,47075,16562,82095
2012,6,20,63007,62260,49415,75456,26951,40397,20005
2012,6,21,83330,40715,93040,46120,57118,33015,64364
2012,6,22,6110,91210,88704,252,88898,12093,20379
2012,6,23,8961,81661,16238,42147,7881,41008,58557
2012,6,24,54956,23921,67003,34314,86180,32769,86121
2012,6,25,29483,39517,6126,29164,80231,49165,5283
2012,6,26,53701,98531,25998,59810,89740,14702,10061
2012,6,27,94990,76794,26792,3950,74806,9381,62448
2012,6,28,99038,388,57356,53993,40661,40711,74658
2012,6,29,43192,73479,30779,72674,12996,36904,71838
2012,6,30,93226,52420,93472,63278,50950,19470,33088
2012,7,1,57041,50523,83148,68382,43668,26291,78683
2012,7,2,34825,85672,51130,33862,2411,8486,64207
2012,7,3,43071,49196,8864,2615,39026,39642,85288
2012,7,4,52021,92897,93477,61599,45316,3301,4876
2012,7,5,12617,39122,64315,86010,89644,47463,64391
2012,7,6,49663,90105,43074,84487,75776,10555,88348
2012,7,7,78187,19040,38906,37609,84587,47770,30223
2012,7,8,23613,87411,31863,91985,80308,41691,89935
2012,7,9,41975,44991,94811,70944,464,9125,66953
2012,7,10,90107,22939,27695,56121,29396,20768,30607
2012,7,11,5171,97675,75307,99709,16714,14212,53670
2012,7,12,17653,61981,10244,57617,65744,8458,25953
2012,7,13,62403,149,35888,4377,61491,47050,71672
2012,7,14,61955,22526,48624,68413,61817,26319,24534
2012,7,15,91212,63438,81492,12734,61112,23150,12443
2012,7,16,94178,87362,82464,28182,65694,42707,65798
2012,7,17,47789,51165,68102,10191,67665,3989,10920
2012,7,18,29155,51038,22591,91109,89916,37567,85874
2012,7,19,51732,80237,407,59295,43674,48250,2028
2012,7,20,21138,71400,822,15315,58761,33285,59848
2012,7,21,40806,75992,45645,88595,43508,13746,75137
2012,7,22,11172,34087,62408,40326,1476,1351,27787
2012,7,23,91391,88917,23660,59474,85505,40418,28768
2012,7,24,45530,38667,90796,66667,10066,41617,8333
2012,7,25,85178,91254,58180,42336,67245,20176,7282
2012,7,26,27104,33922,62418,38275,84360,41178,68600
2012,7,27,85835,42528,42738,93578,47796,16397,53051
2012,7,28,49652,23166,88171,95181,61833,28966,21848
2012,7,29,88250,86934,60180,73428,78187,34712,12115
2012,7,30,61783,54887,79396,88886,5160,8165,83512
2012,7,31,89519,99342,38464,91706,58221,31201,65283
2012,8,1,22368,63950,54685,72019,87115,42855,27200
2012,8,2,65299,38172,29047,69901,41458,5578,83328
2012,8,3,35996,40289,75442,97779,95176,21189,73016
2012,8,4,16687,29353,62880,6206,28695,1343,7911
2012,8,5,86915,98895,99545,9283,62844,4229,17653
2012,8,6,66311,97084,64852,47961,35255,10250,87861
2012,8,7,76712,15828,77540,29060,72468,19333,46838
2012,8,8,83995,40521,46205,682,86226,25436,16887
2012,8,9,14920,26778,21149,18186,25673,20693,13820
2012,8,10,4868,91273,41473,87530,88356,22676,41843
2012,8,11,39963,32926,86055,33026,48753,13595,62085
2012,8,12,37572,49279,5274,21567,6152,17831,72248
2012,8,13,92377,93266,45486,7296,36396,32986,11833
2012,8,14,78420,20030,2005,83287,11302,43477,67169
2012,8,15,16010,66152,39011,72324,99077,25065,25349
2012,8,16,64181,5011,83786,1753,54290,5411,43319
2012,8,17,60441,73241,61918,69169,82859,23755,46464
2012,8,18,19254,6740,34648,97673,26769,36652,47311
2012,8,19,54422,96480,84479,70431,62632,39841,19106
2012,8,20,78060,64906,64455,58593,86268,14592,36697
2012,8,21,56909,70002,16367,33701,43243,28284,22869
2012,8,22,26101,18390,95684,61706,25129,30332,29378
2012,8,23,68249,83335,56688,39022,79815,41167,65805
2012,8,24,58798,97359,84910,53209,78616,15716,41801
2012,8,25,64884,30307,4849,21792,16661,21215,15493
2012,8,26,59903,15850,58361,2355,34239,20397,50412
2012,8,27,75719,728,39789,43967,414,46476,59341
2012,8,28,80228,53994,25145,39025,51353,10054,68586
2012,8,29,29968,92122,36738,11203,22428,41587,82995
2012,8,30,39088,62801,4839,15342,78651,29551,44048
2012,8,31,12889,49947,14459,88608,67026,20599,38926
2012,9,1,67440,67075,48266,47667,37420,39762,23044
2012,9,2,5124,99816,27981,35092,8289,14718,82646
2012,9,3,30716,6304,11992,86156,69105,16830,77849
2012,9,4,64107,12733,68249,93347,62679,32707,51954
2012,9,5,46057,53306,47232,13496,36732,11849,37514
2012,9,6,90503,1611,96909,95627,17778,24889,87070
2012,9,7,26066,89607,9715,73133,12262,21707,69288
2012,9,8,81366,54888,93489,45472,67620,11737,78819
2012,9,9,46651,60795,37124,92707,30452,707,2554
2012,9,10,83535,12556,16419,74038,30518,13328,36016
2012,9,11,48295,54568,33085,74360,60526,9151,73844
2012,9,12,72788,97209,39484,70505,52097,32972,12329
2012,9,13,36068,11060,87499,82718,71854,24622,11776
2012,9,14,18658,41681,14329,2192,70588,30748,76229
2012,9,15,1105,60427,78596,49399,14994,11680,80110
2012,9,16,91872,87183,3953,64659,84391,9788,21515
2012,9,17,52839,92759,83843,88907,20170,21341,1624
2012,9,18,92024,12315,63400,10681,53995,44080,39224
2012,9,19,24582,24827,21805,25686,1605,400,61436
2012,9,20,32951,12080,47897,24822,15614,18201,15832
2012,9,21,4,27989,57346,52843,37099,41189,68101
2012,9,22,57269,28881,29724,65644,41195,9475,22676
2012,9,23,95189,3555,21899,36122,44733,43703,78159
2012,9,24,46338,44103,69594,79288,72534,33842,10461
2012,9,25,88147,2043,26292,4502,30031,49989,67344
2012,9,26,83481,57529,31796,40749,86410,11520,52744
2012,9,27,43956,87346,15419,39145,7252,37318,31618
2012,9,28,51985,81020,69777,14674,41474,5722,10313
2012,9,29,14007,89564,30773,18505,91606,23416,63007
2012,9,30,37988,89756,96702,21468,47285,28498,38569
2012,10,1,50046,6369,1312,94001,93714,16731,9497
2012,10,2,17318,70400,41115,85654,67771,27243,30327
2012,10,3,25597,82964,10639,39603,88879,7763,18108
2012,10,4,80484,47530,97466,34823,37285,44167,82643
2012,10,5,84569,22664,67563,50966,45384,18874,64967
2012,10,6,39098,1956,10815,72767,88707,18281,28420
2012,10,7,56478,95523,58746,82074,94839,35736,48028
2012,10,8,83717,43498,12487,80553,91027,9952,31727
2012,10,9,44663,20471,4369,45584,43134,21931,36549
2012,10,10,88518,57157,57867,43967,75464,35034,26733
2012,10,11,64171,53314,91504,37000,65189,249,5425
2012,10,12,60027,52336,89804,60095,95833,2291,56999
2012,10,13,3211,28594,88726,64225,49064,9446,49808
2012,10,14,8550,81377,6357,13419,54885,30575,13737
2012,10,15,30348,65608,6821,10870,18922,48324,87869
2012,10,16,462,48572,99645,76840,17259,39449,86934
2012,10,17,29443,8091,10285,32653,36684,49010,86877
2012,10,18,2100,24807,23037,27001,6183,29393,80419
2012,10,19,77419,26319,14155,7767,91927,37327,68636
2012,10,20,27200,35650,82857,27661,573,32501,74500
2012,10,21,17831,71949,41433,47273,96391,18069,16277
2012,10,22,33075,83430,9505,51526,8237,32541,18526
2012,10,23,14419,78285,35296,8190,4604,49450,15956
2012,10,24,96530,86776,50943,23729,38777,33799,7741
2012,10,25,39349,32652,72240,57179,4600,30024,30803
2012,10,26,991,98093,17079,50417,81522,42935,48294
2012,10,27,89758,75476,96819,20529,53760,32114,18718
2012,10,28,74715,97915,61025,71244,1042,11967,71324
2012,10,29,39818,45766,79064,95518,78417,17655,9048
2012,10,30,99368,97679,89850,16710,95771,23280,63478
2012,10,31,77292,66214,1771,83402,41689,14941,73930
2012,11,1,11801,47054,48999,86515,61320,10023,84111
2012,11,2,78713,21989,1786,34882,84106,47202,50399
2012,11,3,62522,64856,99446,78242,62534,5647,51303
2012,11,4,58304,28926,94781,51948,11492,46551,25349
2012,11,5,69532,11492,55630,81332,74897,4628,24199
2012,11,6,52569,14650,74661,31281,52990,26446,66163
2012,11,7,37096,73647,12913,15969,54855,28711,4210
2012,11,8,17388,34357,5513,92044,79635,16645,80343
2012,11,9,91126,29547,12043,77009,41038,17672,58341
2012,11,10,32287,88651,58891,1207,19652,33551,12487
2012,11,11,72641,9996,15001,9736,99995,27914,65705
2012,11,12,71201,56624,36266,88588,7332,8130,56983
2012,11,13,3318,74774,57325,94443,4321,35719,41452
2012,11,14,61710,69742,46144,10348,58392,21386,81554
2012,11,15,94395,54936,60393,67036,81283,41745,26771
2012,11,16,97629,19658,18827,68829,92633,5093,53769
2012,11,17,16317,29574,87103,19634,4348,10780,20429
2012,11,18,8668,46498,18232,86729,16240,30727,47077
2012,11,19,90983,2112,8630,85378,73399,35374,48765
2012,11,20,54681,77119,61887,68662,96776,30714,3842
2012,11,21,5761,52158,27610,38429,81731,14713,8062
2012,11,22,2430,75492,4842,11097,38341,23073,17826
2012,11,23,54580,3799,11254,61915,5910,19883,7292
2012,11,24,79308,5257,16056,50341,98727,44294,5354
2012,11,25,11854,75007,89195,17614,43516,16805,12394
2012,11,26,25247,47869,30456,27676,39712,35297,75125
2012,11,27,78052,74722,69302,48984,78520,30555,10898
2012,11,28,782,16789,74541,96441,38397,6948,73133
2012,11,29,37123,1241,98486,48977,76248,37681,72942
2012,11,30,36115,20837,55336,77713,68705,2143,31741
2012,12,1,8416,53791,76865,2819,28512,12518,61802
2012,12,2,23384,59424,62699,24165,92564,37239,6957
2012,12,3,30961,44186,90,84435,45427,48575,19763
2012,12,4,38026,2607,49057,74140,23443,4392,11853
2012,12,5,8499,22886,73593,33266,93028,16809,6085
2012,12,6,37892,29326,87886,61275,5101,585,31791
2012,12,7,97664,4175,55099,44976,64713,5188,29411
2012,12,8,10139,70115,95525,64516,89073,44581,18655
2012,12,9,12516,65324,6859,37366,88209,30451,40632
2012,12,10,97589,63611,6716,35480,9288,44601,83106
2012,12,11,14388,61537,31248,12052,82064,36346,27027
2012,12,12,46776,57886,2789,73266,44352,48314,37781
2012,12,13,33424,42894,92787,62291,8218,49646,39657
2012,12,14,12778,96448,70288,10366,60059,27003,62197
2012,12,15,69346,87955,75302,83734,65844,22901,52137
2012,12,16,64259,9247,85515,11034,83484,38304,10651
2012,12,17,27835,2969,38431,61258,62214,47569,9901
2012,12,18,86783,47214,39557,99561,60014,9844,6278
2012,12,19,20072,3198,4827,5769,7504,30128,15854
2012,12,20,89699,19381,17990,53957,28627,19857,11342
2012,12,21,28462,24512,81992,56296,27480,36774,23905
2012,12,22,6045,84343,73805,92828,31556,29713,8740
2012,12,23,91569,55908,35017,27992,59105,39843,53761
2012,12,24,82961,36323,39614,72659,55703,23956,76616
2012,12,25,681,93812,7957,45494,18323,6301,8141
2012,12,26,62154,43074,52045,68198,27416,42202,1025
2012,12,27,75324,88266,69764,83244,44174,21133,67588
2012,12,28,3278,77327,61348,2590,30001,17313,85249
2012,12,29,2055,7620,1864,2735,1431,26172,14580
2012,12,30,36105,32472,82720,98258,75546,1117,82808
2012,12,31,19313,93318,60184,10988,81583,46300,74232
2013,1,1,42108,67432,21819,61738,44758,49518,74327
2013,1,2,74759,16830,39575,93165,24450,7790,82252
2013,1,3,42232,83962,76831,94689,32785,9551,29298
2013,1,4,24682,10667,92105,60347,20336,2289,41334
2013,1,5,18270,98588,65565,60378,82371,3735,42115
2013,1,6,43480,3252,86441,34590,36434,42368,17755
2013,1,7,77235,157,40006,35818,470,16836,30506
2013,1,8,49607,92738,39804,74288,3404,48260,84634
2013,1,9,23739,16900,5968,58361,31839,37884,88738
2013,1,10,14209,7971,57204,74041,11222,9996,88630
2013,1,11,64007,2363,36384,41241,18872,42741,87059
2013,1,12,35693,9577,23916,85299,18666,30071,55939
2013,1,13,22070,28331,10572,62160,45230,32891,20520
2013,1,14,93421,37127,55609,7629,45097,29164,1669
2013,1,15,72670,89160,6651,53029,7874,9386,54269
2013,1,16,43097,52127,87679,78790,78055,27947,44088
2013,1,17,96720,8017,40026,35141,36347,16950,37301
2013,1,18,97929,16192,34172,91349,69670,6133,15329
2013,1,19,31118,35296,13350,3788,40807,20000,23168
2013,1,20,65033,79385,67436,8129,47863,21467,56918
2013,1,21,25917,99413,67358,38989,23781,23735,64129
2013,1,22,60128,90684,87781,74408,23228,38305,5756
2013,1,23,9249,44437,97436,40367,96084,10785,20506
2013,1,24,36891,47136,33673,1923,42873,17460,16403
2013,1,25,90735,88926,13321,33004,4690,30678,21992
2013,1,26,44823,4412,62472,4950,11448,253,5709
2013,1,27,51027,88557,77816,60275,49345,25251,80641
2013,1,28,45428,86036,61146,98670,49523,11170,86944
2013,1,29,92395,28630,43347,83130,33907,23019,82485
2013,1,30,54949,70048,20828,99771,74459,33299,61072
2013,1,31,2258,49903,16780,53284,38459,44595,33559
2013,2,1,4155,69845,30551,49583,72232,8049,84604
2013,2,2,21755,19218,97900,30501,47847,41246,49982
2013,2,3,98106,30616,62466,53054,663,33293,12824
2013,2,4,91473,82944,73895,93731,32846,40674,83366
2013,2,5,71305,1620,76924,91811,87816,23827,11393
2013,2,6,76400,31875,22349,98154,51092,20248,5006
2013,2,7,15291,77845,74988,13396,8460,3805,76449
2013,2,8,25474,37098,35624,16946,36393,9518,80676
2013,2,9,69238,16543,74042,56894,18162,17317,48705
2013,2,10,5977,91143,6449,82376,39369,28797,36881
2013,2,11,90461,65396,58239,22103,43240,33226,1850
2013,2,12,68051,87030,18298,93524,40479,20273,70470
2013,2,13,76871,79790,37497,46109,96332,27890,69354
2013,2,14,30845,95207,68058,53173,2701,40859,71901
2013,2,15,42070,19655,65133,48882,1403,23371,37336
2013,2,16,44642,72948,39185,29045,59978,23834,48920
2013,2,17,16808,44106,65741,93679,23895,3238,56139
2013,2,18,36578,47479,75492,83774,42685,9902,16946
2013,2,19,61738,50760,5198,20159,86766,20331,39040
2013,2,20,88168,10053,56375,49162,83001,11911,18206
2013,2,21,42978,85744,33477,59785,29849,49218,9815
2013,2,22,53743,2455,42305,6672,49933,34149,50445
2013,2,23,8970,10402,43742,87059,61161,48940,27217
2013,2,24,64278,35622,92608,68798,45674,15334,77959
2013,2,25,28674,77244,12516,88003,62987,45992,64140
2013,2,26,92835,45209,50306,62929,64015,42611,49600
2013,2,27,30300,26759,76396,55621,37160,20137,52679
2013,2,28,14672,85428,49895,95301,21049,8854,44098
2013,3,1,83075,24187,82056,28100,1430,44571,12455
2013,3,2,80768,56915,96594,73602,2123,13251,72882
2013,3,3,66138,55861,38833,96437,98971,15228,12057
2013,3,4,52482,51716,11087,67153,37144,27333,12454
2013,3,5,74544,36186,42903,73970,60372,24959,42070
2013,3,6,78153,35881,34524,58920,92795,47469,48873
2013,3,7,94918,10719,1754,77407,82932,40586,40195
2013,3,8,98254,72165,42251,50736,23880,19689,14240
2013,3,9,77375,47021,13045,51919,83206,5948,55888
2013,3,10,59929,80906,44309,38081,33138,28832,53352
2013,3,11,25933,42652,78576,37202,69723,46681,4608
2013,3,12,52654,37266,4802,50907,25782,13404,47994
2013,3,13,49661,33092,52234,27036,96464,15278,75306
2013,3,14,79669,37577,37545,39597,34834,31854,74029
2013,3,15,67972,77037,23732,10256,19689,2307,7457
2013,3,16,5763,98987,78416,74768,52604,49569,65674
2013,3,17,78385,79324,60020,44397,12415,12253,87784
2013,3,18,25230,93882,83089,4898,47811,36986,40846
2013,3,19,82644,18839,71226,50615,12227,44957,27222
2013,3,20,48267,13615,24678,54029,28953,19445,78796
2013,3,21,81556,19013,70822,76292,98336,30841,57040
2013,3,22,27102,59445,24824,52331,69678,24264,57228
2013,3,23,17488,61249,34425,132,96439,5650,57098
2013,3,24,8666,16958,60672,56932,46924,35349,77313
2013,3,25,75876,21146,56108,73783,40158,43281,50074
2013,3,26,38494,74121,87114,81947,49917,28289,64278
2013,3,27,19595,52552,7857,53434,13801,42282,39917
2013,3,28,26591,64283,53367,35256,97593,14038,58540
2013,3,29,44516,15738,35852,20392,36883,41959,64174
2013,3,30,77041,51592,60600,31886,25712,14065,43832
2013,3,31,91981,92353,64461,27927,61256,22318,81360
2013,4,1,75056,30951,67629,17999,11585,20995,73254
2013,4,2,9177,35032,61793,70045,67121,47644,70436
2013,4,3,4004,5955,961,97396,57546,27912,85633
2013,4,4,99609,41976,75816,7941,50680,40277,55867
2013,4,5,11936,28946,33579,3343,76248,1207,81341
2013,4,6,87832,38553,90947,13361,73584,2739,73405
2013,4,7,40704,66735,90192,61059,89041,7504,48454
2013,4,8,62938,85416,20438,78898,43743,46254,83191
2013,4,9,10775,36530,39057,39062,81827,38987,48756
2013,4,10,58074,6545,96449,62257,45097,37395,75617
2013,4,11,35032,56485,75373,92088,39571,31916,23146
2013,4,12,44963,89420,27952,24252,91187,48389,83150
2013,4,13,51281,44642,22692,78407,97523,28100,47468
2013,4,14,79349,67087,76224,53774,89983,39024,36031
2013,4,15,35080,76418,7999,70111,49254,49724,62198
2013,4,16,88825,81639,31696,50139,87410,9647,4391
2013,4,17,94948,8035,93892,46229,69029,16583,10987
2013,4,18,66551,94682,58455,62252,61768,1030,56025
2013,4,19,51751,40053,48407,3182,32822,6406,89644
2013,4,20,82075,56129,51842,87251,54119,33537,27390
2013,4,21,57881,59535,11780,52828,67569,5671,5408
2013,4,22,52949,38605,56395,19500,33286,14849,41751
2013,4,23,11406,82230,14127,79508,38634,12534,12689
2013,4,24,71455,18939,72332,69881,91419,40525,73484
2013,4,25,61889,40413,27225,19769,99947,39004,32597
2013,4,26,83868,61026,88004,36816,99630,44398,52667
2013,4,27,49267,75598,70769,60672,74179,34896,30179
2013,4,28,12812,47429,39219,618,82719,27903,16851
2013,4,29,90489,84779,60334,52377,25192,3910,12146
2013,4,30,41490,42913,61094,41709,20290,15449,54877
2013,5,1,36271,9847,67543,1889,1796,38312,52561
2013,5,2,75975,39559,19091,5138,3339,24662,25756
2013,5,3,86057,2564,8958,76545,3694,35643,15273
2013,5,4,28885,89552,33770,86727,48816,44863,58435
2013,5,5,69105,76664,23311,21727,2862,7206,3615
2013,5,6,4657,61869,2527,96983,1427,37970,62121
2013,5,7,4765,12631,24228,7173,31546,33185,50069
2013,5,8,35239,35179,45341,80476,24730,29111,87202
2013,5,9,73545,90325,95636,59001,66988,35299,77079
2013,5,10,69849,42504,20693,90858,4372,39572,74192
2013,5,11,22150,77541,6312,26914,6523,46891,30438
2013,5,12,54420,96427,50506,89658,31605,45846,26485
2013,5,13,56334,91308,53686,46230,97985,15674,35230
2013,5,14,81324,972,2308,51173,43475,39353,38382
2013,5,15,64198,78924,62573,86347,72816,35237,69612
2013,5,16,79338,48479,80049,50109,44906,30554,59766
2013,5,17,92862,42751,42603,49196,34059,12640,85425
2013,5,18,32043,78313,17007,13366,95636,19314,890
2013,5,19,55462,58666,55623,19659,53941,34548,42357
2013,5,20,43108,19784,51968,22445,68262,48368,48905
2013,5,21,29519,78921,45023,22381,21672,37625,77928
2013,5,22,72082,264,99704,4124,78577,33062,83841
2013,5,23,90564,52376,31083,46026,27393,36705,55684
2013,5,24,97686,21252,88041,40793,57387,6360,59590
2013,5,25,42001,4728,68494,87871,100000,13516,10251
2013,5,26,21671,1140,14530,10104,17756,30586,40579
2013,5,27,12684,63647,64420,3247,32374,11854,89272
2013,5,28,76119,14910,31308,73804,52514,35700,44596
2013,5,29,9900,92059,10537,68252,13138,29031,46123
2013,5,30,13138,8898,82725,51160,26390,13607,21264
2013,5,31,44145,44192,91842,56828,24190,22613,80074
2013,6,1,56564,818,25698,32682,15728,7005,56485
2013,6,2,68241,92704,37432,94492,84762,14321,79096
2013,6,3,14252,59703,51570,27389,68600,34294,44900
2013,6,4,11341,64252,72515,55485,8443,14357,28664
2013,6,5,48985,53321,5090,5548,70491,30787,24581
2013,6,6,86218,87791,77417,70810,80494,14848,31653
2013,6,7,81607,95520,60748,95858,55222,12317,43246
2013,6,8,40174,62963,34498,51514,27214,7012,3351
2013,6,9,52009,87720,52014,993,57393,23455,12892
2013,6,10,27883,4241,77472,14100,92031,4888,31261
2013,6,11,72524,86087,82913,70483,81607,10013,36340
2013,6,12,53180,88681,5938,9705,51643,40435,67571
2013,6,13,95209,47446,921,47217,51518,19286,74561
2013,6,14,8910,42741,87452,36792,46981,14923,7243
2013,6,15,55364,19810,68503,44239,22248,17767,24721
2013,6,16,3854,44131,97413,73386,32812,3350,3090
2013,6,17,806,43784,60660,12366,7581,27932,25934
2013,6,18,59098,47218,40494,84359,6310,44297,71150
2013,6,19,69642,9219,88392,25005,45380,23246,45596
2013,6,20,67628,57365,16668,87833,17847,14080,77570
2013,6,21,50658,17429,60660,67816,77564,37671,46533
2013,6,22,1497,15603,72467,76946,62820,12960,41305
2013,6,23,85481,57257,82454,55122,82827,37198,46479
2013,6,24,44559,76795,82074,28538,50511,48741,82722
2013,6,25,68358,12821,10292,35367,46601,20951,23182
2013,6,26,24165,8621,16067,25661,40575,38533,52606
2013,6,27,3394,17844,80262,88874,91452,29068,30348
2013,6,28,74279,66265,56826,35189,59411,38899,73726
2013,6,29,9922,53991,96447,78279,83163,23090,33645
2013,6,30,29764,94040,33179,53928,19013,49245,85940
2013,7,1,59587,54129,14897,79333,71972,45159,24558
2013,7,2,63424,74226,44905,54054,56842,18082,89242
2013,7,3,16252,73332,69319,42525,27323,32117,87155
2013,7,4,10485,5207,67152,56600,15598,16682,16879
2013,7,5,50962,82278,22818,26901,36406,37715,6233
2013,7,6,24729,49225,7142,4504,23450,2047,8557
2013,7,7,96643,70128,64150,12894,43460,49820,71771
2013,7,8,87134,31937,25277,13970,53495,42428,10570
2013,7,9,69092,9109,97448,20054,7738,36618,36954
2013,7,10,44143,90684,69538,68872,39908,26679,23375
2013,7,11,63357,45077,48284,59999,15205,28785,9244
2013,7,12,75016,78605,77366,62149,10541,2643,32470
2013,7,13,64035,11422,63039,49478,20531,26839,69531
2013,7,14,28268,13456,32836,88763,4139,2373,73986
2013,7,15,60398,95404,63712,40106,40480,11995,50104
2013,7,16,72036,40780,5699,47051,35736,49417,45551
2013,7,17,62628,2059,34373,26662,13480,13763,2491
2013,7,18,50362,90601,78374,94982,20408,11209,60096
2013,7,19,40898,29934,74081,1295,41689,37792,51400
2013,7,20,82168,66139,57855,54204,23270,29906,67606
2013,7,21,59005,79322,59509,37984,97732,43881,80997
2013,7,22,27563,7643,73487,94277,14596,1860,79258
2013,7,23,35003,79421,89353,92253,25706,29785,73547
2013,7,24,67394,33928,51299,49561,16418,25505,20116
2013,7,25,39687,5410,37722,15043,1083,13582,83026
2013,7,26,98814,7462,34022,42729,31456,23861,77005
2013,7,27,46051,75720,42614,97406,71492,31966,19658
2013,7,28,97197,28102,99556,64590,62029,854,44151
2013,7,29,78447,92711,34266,34485,98120,38339,85880
2013,7,30,99203,1920,35257,14368,25733,35631,87096
2013,7,31,73541,9491,94100,19591,1562,36713,63348
2013,8,1,73054,85030,23005,70250,29483,38913,44840
2013,8,2,7864,89766,65342,86310,98828,49607,7146
2013,8,3,96948,4298,3025,12502,22569,4634,56869
2013,8,4,64654,40264,317,38194,49754,10768,14136
2013,8,5,51315,47481,7484,24368,48862,30488,70970
2013,8,6,94697,69400,45809,2560,75518,11150,75221
2013,8,7,74345,27108,42366,87644,47757,11743,80145
2013,8,8,70326,16376,43366,34979,72991,43682,49524
2013,8,9,22744,70801,63659,90410,18281,21142,51130
2013,8,10,83495,1630,42099,78191,87381,37907,60750
2013,8,11,79250,15408,2322,69947,42515,44687,67590
2013,8,12,90272,22781,74087,76949,55508,17452,28279
2013,8,13,28498,77485,17802,67593,48285,31460,88003
2013,8,14,82918,52602,89132,82764,70583,31230,77306
2013,8,15,74315,35488,74407,53565,50895,26728,63511
2013,8,16,9761,37766,97452,16384,76899,21538,3332
2013,8,17,32406,5341,21610,77256,99177,5763,34848
2013,8,18,63814,37223,2850,63083,89824,8333,2198
2013,8,19,76758,39562,39503,51072,91401,30261,44636
2013,8,20,42295,23340,44498,68408,61105,41950,44791
2013,8,21,38003,29839,78123,86761,51532,16084,14016
2013,8,22,50708,71847,8863,30873,25421,28065,73955
2013,8,23,15244,36397,72504,92001,92311,28358,39424
2013,8,24,83711,58618,64060,42358,81957,24909,10765
2013,8,25,43062,66858,95555,97416,13049,40029,4176
2013,8,26,64580,22465,64543,31639,10663,23406,32512
2013,8,27,36083,17822,72818,67678,70570,45322,76030
2013,8,28,62880,73679,35453,62943,48649,15864,21652
2013,8,29,30605,40773,32416,90018,7630,44322,53786
2013,8,30,37030,50703,4313,1609,89519,18856,23248
2013,8,31,181,58613,95759,36263,76434,34928,292
2013,9,1,47003,30249,96321,26235,20280,31773,85529
2013,9,2,68928,47637,27180,15884,4761,25947,25902
2013,9,3,12390,36620,9687,65772,87322,13999,67380
2013,9,4,76840,99206,16979,93372,57818,29089,5986
2013,9,5,50603,14017,66277,13958,60617,28949,50192
2013,9,6,80896,27074,45720,66175,91062,39251,52059
2013,9,7,95822,65197,4312,24563,18168,30350,20334
2013,9,8,5490,60700,57714,98681,59906,24692,12053
2013,9,9,17723,3781,38038,84678,34149,20667,18635
2013,9,10,94765,99615,38826,92013,26688,897,64539
2013,9,11,17749,6499,72949,29922,88047,27260,44485
2013,9,12,6214,23961,44818,11703,84661,18883,26736
2013,9,13,44566,9927,18788,78640,30059,23177,3317
2013,9,14,64207,10195,78303,75323,9810,33480,57335
2013,9,15,52849,34376,41874,86950,57226,14822,26871
2013,9,16,45272,8434,87707,51486,32394,32525,39540
2013,9,17,17054,67759,6275,77971,77685,41414,22963
2013,9,18,24095,30943,52631,88301,41137,30934,43624
2013,9,19,67298,64413,47310,36499,15141,5535,9800
2013,9,20,72366,36709,56670,17638,45142,10729,75475
2013,9,21,93887,9605,65014,27293,77363,37641,45263
2013,9,22,71400,45406,94577,95494,76348,47208,50147
2013,9,23,33837,78141,80122,1134,58905,27431,3984
2013,9,24,74045,49318,93783,46411,86026,16805,80400
2013,9,25,47519,27533,65874,41405,37137,47239,15049
2013,9,26,30851,34879,6664,18602,96637,1240,24096
2013,9,27,72984,48447,30594,6820,42939,27067,84306
2013,9,28,1844,54497,78289,75888,20166,22072,88650
2013,9,29,6191,38876,35401,70061,82760,17626,77818
2013,9,30,19896,64865,12866,67098,16095,19529,55700
2013,10,1,12731,20769,16147,2067,85567,46740,38886
2013,10,2,28506,73806,49543,46701,44654,27832,2588
2013,10,3,64820,16255,77590,87362,71482,12990,63775
2013,10,4,54241,46968,1592,90488,11832,14457,37585
2013,10,5,44278,33986,43284,73361,71106,9430,35427
2013,10,6,56672,22521,664,85177,12678,207,21877
2013,10,7,57332,78038,70817,38503,10644,14758,2216
2013,10,8,82125,94099,15990,36365,41066,17581,26852
2013,10,9,69249,48390,788,13527,82375,44072,56887
2013,10,10,69832,19853,78665,26503,42374,29328,8032
2013,10,11,55051,29534,76260,28734,23923,13428,27236
2013,10,12,34566,44537,25804,33042,38636,8145,69406
2013,10,13,96053,75726,12609,65302,40467,29749,75180
2013,10,14,39193,73820,82066,9024,93672,27082,35526
2013,10,15,52397,56409,79909,7448,2295,6169,42533
2013,10,16,26217,35948,36121,77135,80485,11924,40176
2013,10,17,35472,20068,95934,31524,12145,24894,46825
2013,10,18,52611,54642,92004,91803,44813,40421,77178
2013,10,19,54837,67502,69056,7233,40263,48964,11032
2013,10,20,42557,21484,83565,85125,73784,19685,32259
2013,10,21,54268,97960,88787,89739,34379,1072,11262
2013,10,22,46524,42317,34439,15486,13311,26442,53641
2013,10,23,58123,16863,40818,29311,716,26225,66544
2013,10,24,40978,75189,83927,99886,13024,33843,55011
2013,10,25,86807,19879,63621,57426,17838,18759,87164
2013,10,26,68569,86182,84778,15092,28499,19216,46929
2013,10,27,41809,62009,70569,16283,95223,27739,25594
2013,10,28,95939,53963,98489,53268,45503,32415,53154
2013,10,29,74879,66258,54516,61685,2488,18136,25463
2013,10,30,36678,3247,82626,5246,89428,33755,40337
2013,10,31,17926,2970,83617,76086,64979,20538,52369
2013,11,1,60201,14628,37962,72491,84942,2802,62111
2013,11,2,30445,35216,95264,5323,17825,16131,43359
2013,11,3,20313,618,18821,56990,3864,17799,22235
2013,11,4,93292,1553,98923,27569,20875,48891,13655
2013,11,5,2205,69428,12375,78757,84055,16688,17600
2013,11,6,68997,19489,9710,15793,71056,21325,27467
2013,11,7,88881,87455,37177,25545,88072,5998,58886
2013,11,8,91936,90148,77472,1579,8052,42746,25499
2013,11,9,28926,91636,49153,47482,61064,27879,86239
2013,11,10,61470,44566,10190,46818,80406,19899,82610
2013,11,11,51462,41223,16428,56694,28677,3605,78590
2013,11,12,33100,25954,97475,41387,16101,24946,79317
2013,11,13,24152,67691,4816,69430,75678,20320,53263
2013,11,14,53093,48199,75853,14563,9116,36042,37732
2013,11,15,89522,5940,56694,57335,63514,23121,34028
2013,11,16,8542,43077,12617,41642,69030,26443,29380
2013,11,17,1482,17740,58697,25634,85430,13512,11415
2013,11,18,77459,33831,44677,30552,98381,36882,61466
2013,11,19,7497,22923,39197,13370,45215,12242,10704
2013,11,20,8728,1715,1083,17270,44791,30051,15263
2013,11,21,13821,72845,74642,15302,90584,49690,7287
2013,11,22,92365,13201,85053,69823,63384,46082,60374
2013,11,23,61764,82963,78191,85612,5885,33740,78981
2013,11,24,51099,45981,86036,59827,47695,3470,3448
2013,11,25,92486,49872,68710,22658,22716,9703,44311
2013,11,26,13299,9393,27950,5663,38945,13002,61838
2013,11,27,2328,59083,92211,80444,42045,36754,6055
2013,11,28,64282,20493,81388,15380,66473,17423,1558
2013,11,29,30520,70893,1357,39357,20764,20066,2014
2013,11,30,59832,46121,32676,73130,71865,10625,45145
2013,12,1,10809,73627,86982,29489,49061,45544,16284
2013,12,2,91106,82297,8690,55387,2789,40077,27118
2013,12,3,85614,57500,78676,16133,44744,30032,85489
2013,12,4,81859,66450,17502,41690,28922,16529,44820
2013,12,5,786,27154,26316,27946,780,13297,23786
2013,12,6,49840,8840,69,57297,91137,8759,89035
2013,12,7,10277,98835,16153,95890,72686,44828,72022
2013,12,8,17429,91211,67510,15640,74012,1363,47329
2013,12,9,2933,67892,88500,20070,95045,14815,58016
2013,12,10,12176,44463,21801,78367,53303,38222,55664
2013,12,11,60791,46980,81050,71067,62166,47202,6957
2013,12,12,34852,8381,78978,68632,99592,12840,54271
2013,12,13,89955,64202,57952,92888,48445,12803,12957
2013,12,14,43489,77618,77324,72016,22080,49125,30383
2013,12,15,91734,37346,2398,52524,677,33447,33591
2013,12,16,62842,97001,6899,14045,5381,2228,69029
2013,12,17,21324,65067,83299,11279,45621,7602,20518
2013,12,18,94065,20405,33474,37554,14374,27150,65921
2013,12,19,52805,26274,92655,44539,79971,45052,43414
2013,12,20,80647,94851,37004,59840,91851,10254,43885
2013,12,21,13583,62482,72913,34907,27548,22563,46185
2013,12,22,73168,46517,66702,67233,66921,16527,51138
2013,12,23,97646,43676,47058,50450,86301,6065,1340
2013,12,24,66271,67468,24754,63269,62318,28109,43109
2013,12,25,70520,38363,13345,84103,844,2609,89009
2013,12,26,28391,91523,81545,17911,38039,14598,25143
2013,12,27,21311,97476,22632,18956,41152,36041,85758
2013,12,28,43804,42105,97097,26427,9573,21850,59695
2013,12,29,88242,99959,29155,58762,38321,8851,39216
2013,12,30,39164,61459,94576,83906,69334,26120,21816
2013,12,31,7372,57069,3310,28683,54544,25941,53990
2014,1,1,95695,28334,49747,55851,70438,46844,2277
2014,1,2,96362,68693,71971,84604,85003,17478,39717
2014,1,3,23323,76328,18932,78838,54139,29859,72744
2014,1,4,23472,5978,64559,47195,63046,34221,82229
2014,1,5,33941,10161,56219,45988,54846,5965,71838
2014,1,6,25284,52808,84114,21645,37853,22436,72600
2014,1,7,22855,89913,82316,62530,82593,17599,61367
2014,1,8,36731,47457,4110,76554,69786,35021,33748
2014,1,9,49183,85593,15977,83124,95753,38547,19111
2014,1,10,66951,94511,30948,92234,63671,31413,80230
2014,1,11,17875,3848,69182,40729,93761,17849,23258
2014,1,12,92705,85448,60977,29435,49256,15086,2340
2014,1,13,35394,66458,62439,84576,52050,44767,24051
2014,1,14,64155,83313,13161,31105,94176,10460,79690
2014,1,15,74198,91872,86271,92072,12072,5452,52800
2014,1,16,5832,23301,52410,98536,25100,13386,14322
2014,1,17,74355,94823,83013,9748,77633,45451,676
2014,1,18,46034,56570,94726,26540,39882,24239,77644
2014,1,19,50409,1050,13685,24606,9274,49956,16677
2014,1,20,21345,55407,65829,43528,95059,34590,28415
2014,1,21,20158,47975,2736,10865,59149,2100,56964
2014,1,22,53133,63902,47639,99167,20471,8717,25706
2014,1,23,76705,99307,99702,27113,356,13386,21719
2014,1,24,25981,29693,84747,47325,1452,575,50852
2014,1,25,96510,85164,49266,33020,49490,18353,53884
2014,1,26,24991,70452,97199,78123,34354,11190,7289
2014,1,27,54824,36258,19347,31528,35564,19048,44993
2014,1,28,52271,48785,43063,78252,94830,27809,21928
2014,1,29,96281,78384,32780,9142,79899,48397,38513
2014,1,30,29389,66750,2396,54379,37201,15947,72501
2014,1,31,87906,77136,26142,59082,13393,11840,16961
2014,2,1,48956,97239,81953,17578,62375,25015,62181
2014,2,2,57204,52824,54109,69836,47559,3240,45330
2014,2,3,27457,1636,53842,73197,68385,22590,57575
2014,2,4,21938,88536,76428,9843,65671,18921,88924
2014,2,5,79063,80760,92237,44370,77998,24189,68299
2014,2,6,40372,15556,90480,13928,84731,10940,33763
2014,2,7,32289,64179,79092,76097,65814,49286,69294
2014,2,8,34199,21875,93220,72488,26762,35999,42330
2014,2,9,92432,21271,67606,87846,2030,9842,48567
2014,2,10,96379,50382,43217,53103,65937,33696,17030
2014,2,11,67019,10987,67144,99307,75165,12588,11756
2014,2,12,57331,11873,57401,7881,50099,16972,10368
2014,2,13,76860,52971,79049,85643,90593,13006,73488
2014,2,14,92623,22847,38406,5353,89581,31622,28455
2014,2,15,71869,31670,41836,38888,42656,8980,64546
2014,2,16,34173,87919,62653,91503,99791,20053,45735
2014,2,17,66241,3377,96102,43100,56347,25150,78742
2014,2,18,46939,54508,18581,55913,77354,23338,51266
2014,2,19,83286,54959,36072,55155,2980,27908,80394
2014,2,20,45636,3239,81291,96160,91157,43944,84014
2014,2,21,7299,80348,19748,73539,83724,32201,62990
2014,2,22,56422,23702,61731,19713,78209,46663,15625
2014,2,23,71915,70000,53242,55200,41310,39314,26706
2014,2,24,44290,83573,53451,6277,86811,34742,18788
2014,2,25,94319,95037,22801,1617,75384,8900,85155
2014,2,26,59108,91100,8144,15529,14801,36226,5241
2014,2,27,93010,99240,27218,81276,85591,30459,56475
2014,2,28,26900,86124,79533,71189,86048,32983,43817
2014,3,1,89210,84076,12604,83528,79112,35404,61496
2014,3,2,54496,10655,93002,29955,1754,17497,65483
2014,3,3,32907,3722,97076,25916,19313,24293,33543
2014,3,4,4903,21103,60017,31803,23579,5901,29343
2014,3,5,25978,88884,13160,15188,89311,42115,15067
2014,3,6,68423,93871,16563,39270,4525,9564,89224
2014,3,7,6279,27061,14706,39185,47134,28133,21452
2014,3,8,66447,52425,4994,71349,89880,31362,69503
2014,3,9,29810,37263,38846,55787,42498,18357,7326
2014,3,10,31808,10471,2393,16582,20693,35307,5851
2014,3,11,25218,44870,25074,31496,88282,6132,67032
2014,3,12,51768,84264,84835,18214,53041,39828,25914
2014,3,13,42920,87541,41769,89081,24803,30614,74867
2014,3,14,83652,65322,32193,31812,92144,937,58393
2014,3,15,12837,86243,4244,38054,31112,45669,75901
2014,3,16,35746,1800,89284,87513,86064,24118,42078
2014,3,17,55456,80297,27991,14727,67837,19759,53807
2014,3,18,8992,66724,48673,8995,48397,47217,70806
2014,3,19,40541,48153,89199,69729,34395,9794,74134
2014,3,20,81859,55462,26386,17604,73614,15669,71468
2014,3,21,76029,89786,43545,31484,86434,21535,2562
2014,3,22,54270,57646,66368,79613,40721,31392,18608
2014,3,23,89118,28609,29413,46010,93113,34963,82090
2014,3,24,27508,61108,56223,25718,16570,32608,73321
2014,3,25,6535,14628,81140,98915,20765,24684,50398
2014,3,26,7198,12570,92959,61467,70215,25678,87432
2014,3,27,27288,7069,46039,16405,35677,25451,38766
2014,3,28,28790,10414,10855,72649,71521,17077,18366
2014,3,29,4442,66036,58038,27328,80663,39177,6242
2014,3,30,17779,63860,72991,24976,76429,32301,72794
2014,3,31,62996,57978,60225,90283,65047,6263,23039
2014,4,1,17075,81714,1804,62216,8479,12658,1216
2014,4,2,96351,96086,65933,17145,78473,23970,10824
2014,4,3,75487,79498,87066,93265,59709,26408,68240
2014,4,4,52490,58709,21033,15485,33038,31258,72119
2014,4,5,14436,3872,45157,47863,85585,13312,60078
2014,4,6,10415,75969,77646,23118,88406,43578,76614
2014,4,7,83230,67548,17437,58716,63397,20854,71980
2014,4,8,23106,97262,86571,75595,72322,7603,17431
2014,4,9,5359,5212,29549,19795,9084,41057,7657
2014,4,10,11020,54368,94086,37787,46688,21731,7256
2014,4,11,35093,31661,33869,18322,15560,17657,53389
2014,4,12,78956,88511,45368,2061,2124,31938,14007
2014,4,13,74445,55892,1437,79803,77456,30985,45949
2014,4,14,86539,22041,83605,13910,76408,44043,68048
2014,4,15,23095,82125,45303,74539,13785,29171,29212
2014,4,16,29344,63180,2600,24652,51690,47967,46712
2014,4,17,53813,96256,20719,44609,68500,22155,24411
2014,4,18,45955,69492,56712,48845,91532,40316,39106
2014,4,19,84292,50710,47154,7386,32835,42456,88277
2014,4,20,62971,87979,7488,92315,51158,10088,86966
2014,4,21,19199,74406,60029,89363,87014,47099,83971
2014,4,22,55513,19254,74733,1467,5097,47796,36663
2014,4,23,96628,4464,45768,80919,55173,42921,74657
2014,4,24,4359,1729,2933,67330,89707,26772,89644
2014,4,25,57216,53211,92961,92766,27617,19341,88480
2014,4,26,14630,66440,48802,70142,2045,23534,57960
2014,4,27,7141,87682,54622,20120,92145,389,11039
2014,4,28,47317,9662,22047,51676,11390,41331,79005
2014,4,29,17448,84454,95000,74663,37665,4312,53780
2014,4,30,65281,73652,82259,79910,40091,31060,86403
2014,5,1,42135,70945,54362,49275,58626,25335,19395
2014,5,2,50770,25723,86785,14439,35384,25183,56114
2014,5,3,63125,82865,1470,80572,67318,46469,1586
2014,5,4,4982,780,55365,70262,74431,3975,86523
2014,5,5,30874,85034,49277,73008,72331,19990,28635
2014,5,6,30956,45324,24381,98078,87399,27517,62516
2014,5,7,39134,69051,94981,2259,51915,46450,59182
2014,5,8,19232,9270,70768,24214,26401,26132,10827
2014,5,9,17183,80107,93702,48056,81492,9330,57416
2014,5,10,53822,79320,92402,1130,40995,33134,55559
2014,5,11,44745,60650,28074,83879,29700,39406,82489
2014,5,12,97966,52207,1670,17197,77828,38789,47762
2014,5,13,4228,31273,84941,37762,11379,44994,72170
2014,5,14,9222,54323,55937,79396,49994,48338,60525
2014,5,15,90989,81471,12435,35733,58472,40508,25963
2014,5,16,4523,96265,54803,2488,48471,22825,66036
2014,5,17,26298,61613,10150,46877,92885,11442,54638
2014,5,18,20615,6435,86807,29837,77109,9095,15584
2014,5,19,27103,7432,22460,18091,5254,34894,80175
2014,5,20,63725,75401,6138,84599,88017,10940,77086
2014,5,21,36487,33764,39474,62784,11729,15975,89660
2014,5,22,4613,77416,10649,25228,202,13808,81416
2014,5,23,93662,72902,96999,20764,96686,19458,5206
2014,5,24,1939,70703,41733,82016,62455,47870,16614
2014,5,25,50471,25161,70052,86957,75277,25877,36092
2014,5,26,3357,91851,92103,7969,85618,2751,39548
2014,5,27,2171,32910,37315,95832,22164,665,42948
2014,5,28,18849,70122,88153,37139,57176,29885,49154
2014,5,29,19630,94106,2120,70100,35619,38523,87056
2014,5,30,27247,14399,39499,30603,22601,31601,34923
2014,5,31,24570,50704,4471,43092,99965,8137,88923
2014,6,1,22128,8802,71870,40976,95275,26375,38115
2014,6,2,52451,22611,13620,72080,33069,32091,2180
2014,6,3,85039,20613,15587,28637,51363,5086,5591
2014,6,4,90315,3038,30513,31236,53741,1335,44327
2014,6,5,53706,9472,13250,92185,18273,1471,73161
2014,6,6,29899,94197,27627,82349,33160,7598,34429
2014,6,7,66228,89689,12960,67618,26653,28546,6254
2014,6,8,78016,99983,71844,84682,3021,18708,55918
2014,6,9,73113,70043,90244,26818,95866,19845,75355
2014,6,10,30490,21316,68515,60388,31864,12493,2737
2014,6,11,65023,86442,97165,47602,76130,26476,25219
2014,6,12,2783,55021,27824,97150,55004,16019,18183
2014,6,13,58024,34727,14100,47488,4769,4344,84306
2014,6,14,16986,40540,26012,47475,61855,44526,77862
2014,6,15,10071,23370,50598,75093,9811,14114,59047
2014,6,16,2293,90589,70617,21427,61962,48441,54928
2014,6,17,16965,14459,33110,91340,65537,47210,28827
2014,6,18,86657,67905,29484,3642,8444,5495,21116
2014,6,19,86651,66372,58978,13073,6093,25927,28165
2014,6,20,32256,90041,43563,34548,96981,14180,82326
2014,6,21,58942,28972,7253,92258,59782,6714,19949
2014,6,22,25319,20275,55128,11975,88179,963,55617
2014,6,23,12975,72810,66732,15977,55533,42061,9049
2014,6,24,61626,67988,33565,10233,74380,27128,71132
2014,6,25,71360,91307,33457,46654,36630,40709,65263
2014,6,26,96411,13774,55212,21729,34049,26691,63704
2014,6,27,22227,27653,65672,51553,16814,48755,73881
2014,6,28,72347,90816,12929,50324,75155,12846,60556
2014,6,29,49534,39973,21687,37245,47631,5143,83898
2014,6,30,84260,12203,39161,80670,25976,10724,58751
2014,7,1,60024,37414,68806,98603,81418,34477,46507
2014,7,2,98232,83231,50388,86930,90398,29668,57253
2014,7,3,65552,42513,97808,31437,98837,35846,85034
2014,7,4,62819,7340,85283,47078,19542,24443,14100
2014,7,5,61869,51518,79202,38245,5283,48007,53199
2014,7,6,3053,98835,19705,1284,98417,36444,78213
2014,7,7,5167,66112,41817,70718,24976,5976,38507
2014,7,8,40165,91821,3540,2983,99160,38822,66413
2014,7,9,35053,29617,10512,96921,97486,6065,21517
2014,7,10,2769,54071,4715,5821,69257,24420,73456
2014,7,11,67673,27215,28020,72839,9678,19836,9909
2014,7,12,34654,25811,94767,91170,17631,48306,14152
2014,7,13,33142,3479,60564,68194,49447,37427,81466
2014,7,14,46933,93491,32983,66053,63913,37697,1873
2014,7,15,49521,62116,11680,17194,89331,39699,26384
2014,7,16,15360,25886,82644,50013,51696,27410,1182
2014,7,17,85678,92067,51686,18819,11898,12249,13364
2014,7,18,61344,16028,84829,8276,25870,17811,680
2014,7,19,6135,55508,62552,55655,33975,40583,59200
2014,7,20,39657,30281,95584,55017,56166,28227,71381
2014,7,21,24213,71989,78915,26242,64055,30600,31412
2014,7,22,75952,59200,64775,37296,75227,15956,21923
2014,7,23,17449,83766,52603,23583,39273,31506,45589
2014,7,24,89600,22089,84789,29256,68721,30372,50624
2014,7,25,41239,74950,22005,81803,46938,919,78045
2014,7,26,27345,31518,85808,3296,7069,583,56943
2014,7,27,82296,16538,35218,16096,16655,4172,66030
2014,7,28,72280,35677,51618,61879,74117,36406,47486
2014,7,29,59190,33129,8110,16780,8079,46466,28582
2014,7,30,71368,47384,22978,98712,95253,8786,68360
2014,7,31,18673,75720,75302,17320,8609,26871,63415
2014,8,1,41615,31042,89444,13894,83071,41062,22124
2014,8,2,73539,77467,99610,32728,10596,24071,85859
2014,8,3,35026,86888,80793,6393,50623,3770,75105
2014,8,4,62227,28907,23464,80899,20978,15117,68219
2014,8,5,45938,58340,31633,87553,89381,21077,47798
2014,8,6,72451,78490,9922,45990,55956,25883,75069
2014,8,7,82903,66305,60928,17928,53192,41720,80673
2014,8,8,3814,61841,62129,66040,7100,1944,56938
2014,8,9,28077,17060,45156,74015,75399,43141,27919
2014,8,10,81132,30569,95716,53582,9058,5637,5923
2014,8,11,81365,47871,27344,64268,14175,4623,28547
2014,8,12,67366,62694,55571,71179,40886,17699,63570
2014,8,13,47985,19642,16860,92414,36702,28367,22780
2014,8,14,28452,71507,60698,25935,2075,6413,55869
2014,8,15,11132,78402,11791,8849,26272,5486,49468
2014,8,16,40447,60108,88014,24164,39153,43585,11695
2014,8,17,80039,61283,65264,28023,97277,32123,30436
2014,8,18,33978,76842,3215,78781,48348,30264,74716
2014,8,19,50423,53029,584,77906,47782,28726,56754
2014,8,20,74053,564,76221,30851,77023,30587,21367
2014,8,21,16176,40523,83061,96214,18157,14676,40588
2014,8,22,15433,63151,77376,65762,39992,46942,70895
2014,8,23,88339,77206,81962,55113,30234,48897,49371
2014,8,24,94367,27622,52476,84771,44537,45049,41974
2014,8,25,21560,25635,3340,37735,82509,36400,30300
2014,8,26,17017,67427,7239,48802,30577,34614,74563
2014,8,27,86920,81556,91809,75259,75113,23770,16723
2014,8,28,21698,72666,96093,16064,16640,48569,60834
2014,8,29,61176,93617,32807,82735,35603,2498,16821
2014,8,30,34463,38897,3472,51479,22676,10711,30280
2014,8,31,53252,11676,31195,56524,9583,39355,1782
2014,9,1,84695,13125,94856,6392,2142,7301,18807
2014,9,2,35133,55869,39641,96309,65837,38799,45395
2014,9,3,17791,41297,48568,52253,96545,18391,13731
2014,9,4,19220,79101,20363,88824,90777,17909,45347
2014,9,5,16711,7263,93480,1406,36739,4687,54149
2014,9,6,55233,11987,62956,90365,67855,18948,33025
2014,9,7,50043,24098,14772,67833,65394,13339,70085
2014,9,8,78291,31729,40168,13862,27182,26882,72685
2014,9,9,34310,61142,64383,51020,84756,24214,38777
2014,9,10,21495,78901,92926,76727,7239,22233,73443
2014,9,11,91446,91180,86468,41488,15277,1239,65673
2014,9,12,97023,80929,45757,75313,29009,2276,39174
2014,9,13,56190,95509,8211,6851,56650,38945,54223
2014,9,14,41406,79511,42999,79252,74763,35924,42330
2014,9,15,82001,8156,55772,73446,15687,42239,31286
2014,9,16,47316,59829,56958,44338,40757,19066,76002
2014,9,17,86118,37694,25175,58659,33202,49737,45510
2014,9,18,6204,55034,39732,47609,34544,49082,6860
2014,9,19,9306,35006,15541,91306,59513,21312,61104
2014,9,20,91552,29903,12389,38867,89731,35698,53204
2014,9,21,46840,4763,35557,49309,42456,27083,47967
2014,9,22,92010,26820,73476,98213,81853,29559,15821
2014,9,23,32748,44993,89032,42053,96350,4572,19710
2014,9,24,55862,92235,30813,63765,22137,9553,82631
2014,9,25,28220,61602,2186,91411,66365,37742,80719
2014,9,26,25172,14825,48685,17181,41644,38513,41745
2014,9,27,39848,84423,93917,72595,29415,49300,80999
2014,9,28,25764,20223,80708,81626,12458,27873,65390
2014,9,29,50946,3777,64373,79165,65379,16558,30575
2014,9,30,48095,4300,27645,89618,19124,26330,3151
2014,10,1,77119,14842,54895,33318,99264,48812,52264
2014,10,2,28679,48111,53262,54442,84686,321,2419
2014,10,3,97143,94545,14161,48088,98322,44885,3605
2014,10,4,80052,61442,30531,28146,82093,8176,77763
2014,10,5,17568,34505,40913,94686,65698,12160,14355
2014,10,6,81313,77323,82970,26343,25433,2583,17137
2014,10,7,26470,2904,65907,23612,13800,30067,18052
2014,10,8,28473,91303,31656,8524,52745,12186,43021
2014,10,9,34837,20361,87136,52405,71217,44400,43442
2014,10,10,36914,72911,24149,34579,50233,7118,40921
2014,10,11,92018,59701,58057,18487,78956,23964,52099
2014,10,12,9107,20382,46502,37580,11685,28157,42455
2014,10,13,64429,56694,31828,15617,93407,35315,54373
2014,10,14,64623,96066,64167,17889,68977,38315,28819
2014,10,15,19209,11784,29739,27578,87836,37796,76065
2014,10,16,66791,28111,4515,75898,48492,1016,39829
2014,10,17,76528,45524,8635,57308,2217,40462,82925
2014,10,18,11975,92128,73649,76598,88194,37815,50838
2014,10,19,73522,42481,96008,92730,54265,25746,40308
2014,10,20,42100,29893,82724,25243,74355,37238,47492
2014,10,21,22847,38253,47320,15726,83776,22306,3034
2014,10,22,2344,12768,62310,14319,21247,35958,17268
2014,10,23,9440,90125,34457,82961,32605,30464,72043
2014,10,24,86869,72561,28702,45321,2454,11425,563
2014,10,25,76808,98662,88054,16006,53266,1725,68084
2014,10,26,37041,24030,21117,55736,53149,33426,60054
2014,10,27,74396,35735,77321,187,25859,28129,33148
2014,10,28,74816,58592,91542,61684,31153,20243,37004
2014,10,29,49958,31667,93918,43117,46680,31971,45475
2014,10,30,99945,50047,23558,53337,74077,44674,89072
2014,10,31,27225,44451,79126,17972,96537,22798,8159
2014,11,1,38748,927,17658,13563,75870,9199,21598
2014,11,2,7022,45793,98602,73331,93811,8871,66448
2014,11,3,40490,90842,91922,40434,40888,15479,43770
2014,11,4,31316,76504,19193,74893,37306,14670,62864
2014,11,5,33842,87468,27374,88941,4746,11383,42503
2014,11,6,80615,70581,94101,3989,32725,9054,47319
2014,11,7,26535,17924,10118,67024,25117,2039,23809
2014,11,8,82357,33869,33930,13672,10372,3123,44916
2014,11,9,64029,67792,14132,14223,71611,41505,43163
2014,11,10,76356,2888,22018,73323,89820,32470,47311
2014,11,11,22545,41523,70981,49079,75798,31099,2455
2014,11,12,17267,83137,56263,99623,33358,40193,9646
2014,11,13,43729,43315,34562,24110,11106,15045,28332
2014,11,14,99069,22901,57846,75424,25788,29863,68746
2014,11,15,31960,28684,26056,70856,70206,13389,29934
2014,11,16,62356,94487,52388,79622,77623,25003,79244
2014,11,17,10980,15195,25241,71061,74861,26154,1522
2014,11,18,2318,41198,66205,1386,64099,24050,86810
2014,11,19,6238,20265,41907,38197,48948,34315,59052
2014,11,20,35506,97703,45338,97861,92189,14077,13834
2014,11,21,86163,39079,73077,13495,70625,14669,24555
2014,11,22,45485,7175,12428,47803,48372,28632,39188
2014,11,23,28822,19033,42349,51412,39297,34256,55960
2014,11,24,4597,68570,31364,40102,66272,26701,54314
2014,11,25,58460,7129,48147,60974,62560,37575,24468
2014,11,26,33184,68595,75374,78669,75769,37801,2823
2014,11,27,24141,66432,92010,69314,85465,711,50725
2014,11,28,41113,34966,26685,45709,3535,8048,12162
2014,11,29,86158,51100,72827,60969,58228,20973,81942
2014,11,30,37139,74899,96410,70323,43494,21783,55343
2014,12,1,19262,59584,8165,59754,42367,16526,75420
2014,12,2,44183,67236,66144,85296,18553,9180,37356
2014,12,3,38439,83579,49518,24596,34678,38696,65564
2014,12,4,9258,76021,23858,46396,50919,20267,33070
2014,12,5,10764,8401,98412,30026,67984,22928,36131
2014,12,6,26703,55806,51550,70885,39393,34046,42532
2014,12,7,57946,43225,19888,96384,43156,35757,27332
2014,12,8,77833,24452,22895,87090,472,46752,89838
2014,12,9,67743,83370,82907,78506,91771,31319,74883
2014,12,10,76106,20598,31014,2808,76403,48915,45
2014,12,11,15796,49312,62576,90093,8889,48815,16476
2014,12,12,52044,84571,23807,46228,25375,13054,73318
2014,12,13,42198,26157,99507,9940,9527,32413,48446
2014,12,14,17649,80083,29680,93754,681,27045,2914
2014,12,15,93435,75960,2958,9230,41623,31885,35674
2014,12,16,50511,80700,2150,18906,81622,42308,45134
2014,12,17,6996,21713,98451,49194,47870,14309,65485
2014,12,18,73748,96721,63930,91396,76804,9962,71501
2014,12,19,93836,87006,14414,87270,62965,33723,22852
2014,12,20,20940,31960,28525,71450,29011,47026,356
2014,12,21,10632,5686,55489,33980,43750,20291,69525
2014,12,22,7971,84599,75009,81718,97671,5291,9465
2014,12,23,90826,65252,90966,84661,68609,21731,8283
2014,12,24,31574,71806,17486,52513,3765,46010,60314
2014,12,25,32775,9388,47021,59758,31425,2509,50089
2014,12,26,75174,89151,25965,83145,90101,17326,11214
2014,12,27,87772,88968,70679,78597,70571,27996,29610
2014,12,28,39179,16078,67892,87104,87883,35377,39616
2014,12,29,7999,47738,96282,40773,73477,43302,16883
2014,12,30,4901,62163,43323,96427,51313,19288,89571
2014,12,31,41414,2965,60784,45537,91932,47814,34133
2015,1,1,62502,42161,3742,1680,58239,37985,28784
2015,1,2,46121,89713,44751,54120,53803,41032,31244
2015,1,3,27279,686,44478,48532,62848,4153,14958
2015,1,4,30512,73440,24528,71925,76404,1663,77461
2015,1,5,84687,65829,57946,47188,7989,28039,35219
2015,1,6,82579,82376,54002,45052,72088,15105,5523
2015,1,7,42242,72488,43118,69521,73173,37596,48052
2015,1,8,52372,91748,63009,82884,81539,3888,51160
2015,1,9,74294,21902,4973,58980,87730,12918,42519
2015,1,10,12071,57308,87737,11001,39683,8091,26052
2015,1,11,28123,73195,71574,70364,62034,14692,86236
2015,1,12,35207,18639,74287,87578,26738,3647,56813
2015,1,13,24628,57534,57973,15273,79436,12945,10604
2015,1,14,83517,42214,13122,11939,15873,17210,82940
2015,1,15,55556,75300,78991,30,64846,16917,46745
2015,1,16,26880,97960,42981,62086,32950,33619,6015
2015,1,17,59687,87266,52828,666,61151,27152,75938
2015,1,18,56938,90096,6541,56807,48661,36014,68745
2015,1,19,64533,53223,91684,36440,28523,37027,76469
2015,1,20,93368,70295,39566,36599,68254,32546,65036
2015,1,21,17555,32516,81051,77241,19781,230,44258
2015,1,22,97284,93733,10195,54221,180,33087,27379
2015,1,23,48840,69100,96124,13372,22322,4159,56164
2015,1,24,67196,7537,18984,76916,77831,8549,73514
2015,1,25,62436,57446,28550,79990,89962,25952,73582
2015,1,26,26094,92533,67839,23377,86265,44385,53950
2015,1,27,86444,27471,21328,51635,12922,33803,31358
2015,1,28,51596,37962,47521,18791,45498,16505,25706
2015,1,29,39681,41405,25572,18468,98851,20473,78458
2015,1,30,88812,12776,88391,14905,5308,22582,34634
2015,1,31,7924,83318,48583,10719,10789,36262,62353
2015,2,1,40062,20065,43710,91657,58026,41231,46800
2015,2,2,19875,74087,22505,75907,15491,14428,24375
2015,2,3,30693,34900,9184,19504,47675,47574,30761
2015,2,4,69334,86507,5394,93609,69825,20328,44327
2015,2,5,96965,56589,66679,37026,76653,10389,5035
2015,2,6,51030,17971,71834,70905,8409,10690,36811
2015,2,7,40251,75118,57537,70944,26369,16720,36799
2015,2,8,90396,64294,73911,59729,67152,45656,43338
2015,2,9,36976,65983,74016,33940,22572,40695,80966
2015,2,10,99224,67435,32352,50254,1757,4185,87510
2015,2,11,26517,14874,672,66767,89991,8209,24062
2015,2,12,16360,24928,77213,23107,5573,17475,52835
2015,2,13,72725,63131,52524,9700,29113,26540,13640
2015,2,14,51684,83586,30957,50908,67372,13308,27513
2015,2,15,69128,67492,55022,95644,98717,5693,18762
2015,2,16,88708,13901,49176,21419,55181,42740,4525
2015,2,17,60753,10214,43711,33477,73344,12587,33177
2015,2,18,2457,55478,3168,54140,39063,476,41399
2015,2,19,6434,30135,55263,91913,13978,26636,73908
2015,2,20,12694,98681,82669,1401,28933,48196,59171
2015,2,21,84113,90935,83695,44866,1149,43758,18342
2015,2,22,90844,56344,37870,93300,11821,7389,3792
2015,2,23,67235,7864,1542,90020,54350,6805,81932
2015,2,24,68327,83440,85839,81021,98472,34859,78773
2015,2,25,27405,49407,37944,11517,40341,37990,26382
2015,2,26,57841,81747,51076,48685,54442,5297,21984
2015,2,27,82614,62686,22127,66200,86901,23669,36219
2015,2,28,41251,80473,54502,25929,80264,6692,56949
2015,3,1,95088,41551,5722,22492,7309,10017,14008
2015,3,2,47649,98006,6742,21842,96105,24169,80526
2015,3,3,66898,79465,28861,49512,58502,988,75711
2015,3,4,61755,74656,88282,19357,71480,42783,75285
2015,3,5,68095,99475,68586,63182,57377,24307,5673
2015,3,6,64685,50675,36033,28685,65032,9126,70526
2015,3,7,61136,33294,21051,28034,29110,49912,23897
2015,3,8,87612,17251,25959,65718,8258,14240,45074
2015,3,9,79737,57023,46710,64183,72849,15295,73717
2015,3,10,30225,5953,45741,11261,56627,31773,59945
2015,3,11,21659,40898,90471,99146,74191,27873,73531
2015,3,12,19653,94136,53779,23616,11386,29738,9333
2015,3,13,19643,93977,90758,15731,67351,37467,86266
2015,3,14,40199,52762,39982,86775,75066,35722,24387
2015,3,15,31693,83847,70684,69703,24744,11154,65200
2015,3,16,15287,5378,45083,34939,99514,48861,58554
2015,3,17,27251,78598,64238,63246,88927,4995,35328
2015,3,18,56277,8813,91593,12828,77926,47926,75954
2015,3,19,52992,33648,46693,1036,17494,17376,7090
2015,3,20,58589,94881,72289,73875,258,17371,75165
2015,3,21,16123,16232,70,43374,11181,14307,52971
2015,3,22,16459,35653,18298,89088,44466,26243,81915
2015,3,23,22391,74168,34220,75382,24167,30912,66417
2015,3,24,41660,98287,63506,16601,93167,2147,46827
2015,3,25,9777,69517,31992,25899,2100,48413,85624
2015,3,26,29633,12720,8594,46091,48372,43244,65178
2015,3,27,92837,69486,53444,15228,60005,4016,56961
2015,3,28,84172,84927,83378,42183,99566,13235,68783
2015,3,29,9084,15381,65610,18860,1250,13953,21111
2015,3,30,19701,62365,46734,49333,75084,21680,51776
2015,3,31,39808,14923,63305,32644,760,16749,64223
2015,4,1,60764,20764,71184,44935,22042,20913,27118
2015,4,2,37959,50499,62252,47043,82232,27861,52254
2015,4,3,83481,41813,59716,19533,20530,22802,25218
2015,4,4,95613,94481,96993,51772,25755,10297,80768
2015,4,5,42866,93397,64990,3629,30512,2525,44916
2015,4,6,52554,39789,68385,6864,90288,30636,10258
2015,4,7,72519,74849,52512,72351,33013,28579,31883
2015,4,8,53542,51380,93452,65507,62212,40444,7278
2015,4,9,87966,67093,18045,47183,76841,49387,27164
2015,4,10,7353,68263,32079,76258,8052,16815,73121
2015,4,11,14691,63802,53379,3561,55002,22242,42263
2015,4,12,88015,50820,497,57908,18552,43949,33414
2015,4,13,80763,84392,57044,85081,67836,41440,42263
2015,4,14,44677,90826,99426,68381,59089,31504,74638
2015,4,15,83492,64670,44110,14534,28472,13840,38094
2015,4,16,99825,52433,10356,87839,19605,10852,52099
2015,4,17,38156,21152,85512,18918,21896,8907,33998
2015,4,18,89731,50347,36261,50759,57524,35686,9139
2015,4,19,32964,83542,80128,16455,64563,24238,60988
2015,4,20,9386,54429,65433,9211,6862,25788,43401
2015,4,21,26466,2992,75499,64621,40495,27363,9890
2015,4,22,62390,36269,20240,52121,86615,6500,12879
2015,4,23,60491,8537,38370,93454,8430,18497,79909
2015,4,24,89345,59086,57248,98730,13515,22681,84292
2015,4,25,20376,14820,37693,63193,34163,13191,44165
2015,4,26,74658,90553,44054,37047,26822,30645,45519
2015,4,27,29788,53496,24750,90278,62033,13119,83732
2015,4,28,86814,81615,9992,76158,40701,33591,71240
2015,4,29,70567,6271,15531,90942,37443,3223,20486
2015,4,30,87957,82766,14650,78966,73318,25055,36013
2015,5,1,16491,55700,37883,62631,9195,12632,72908
2015,5,2,87579,42102,52991,74393,23717,29334,6902
2015,5,3,80769,62925,74493,67687,85547,40024,54980
2015,5,4,22989,59598,45465,27298,58715,10114,56263
2015,5,5,32033,35168,38627,64875,90867,26510,7505
2015,5,6,16414,55493,96765,3992,97595,49755,58384
2015,5,7,37663,29089,61638,34783,8365,2482,42469
2015,5,8,93911,58857,77448,33252,18455,22912,80549
2015,5,9,93521,83025,66811,41905,34544,21790,56780
2015,5,10,41763,14651,50636,58176,70143,47400,22167
2015,5,11,67737,97155,56903,5399,42595,34892,70181
2015,5,12,50959,87373,59001,44869,46230,36448,8120
2015,5,13,81036,59359,55020,74556,58735,38183,86461
2015,5,14,9631,59972,23240,51393,74622,23875,65920
2015,5,15,44764,37627,4438,28853,51133,11340,40603
2015,5,16,93727,12583,7136,61037,99956,16136,12257
2015,5,17,46185,2584,16729,43572,78294,21748,28127
2015,5,18,53381,26282,50939,79363,86253,40530,47107
2015,5,19,77226,64405,73026,38342,18383,27463,73546
2015,5,20,69515,55155,34148,79593,67737,41283,50629
2015,5,21,84044,7419,79237,30228,26354,45965,20151
2015,5,22,20999,84065,8278,90731,10346,25568,10093
2015,5,23,12951,66098,17199,6528,46854,6576,24869
2015,5,24,65236,391,28414,34750,55545,28914,84342
2015,5,25,39633,20196,71322,23677,43966,558,70256
2015,5,26,86671,46523,60407,7670,46939,35036,58400
2015,5,27,73636,60603,84845,86586,26700,2043,39466
2015,5,28,73553,24971,54334,38788,25361,49100,43537
2015,5,29,80905,94365,4230,20537,14560,25551,64213
2015,5,30,74878,26109,14469,61548,88983,41227,75569
2015,5,31,35921,76262,321,9556,36864,35165,12494
2015,6,1,79916,3559,21959,53468,28529,42644,28608
2015,6,2,53889,8095,82144,51145,2459,2726,51682
2015,6,3,17019,78276,32246,8248,20736,13066,19795
2015,6,4,9718,54292,71716,61990,30553,22036,17898
2015,6,5,83769,57200,16743,63684,60758,38701,13503
2015,6,6,5639,47696,42110,59527,55791,40606,60672
2015,6,7,58249,43331,98705,91619,37958,30950,39866
2015,6,8,58694,10368,86013,84763,64659,7728,63105
2015,6,9,11564,46115,51002,95332,3314,17744,25367
2015,6,10,80423,22796,8869,86061,70491,17331,11940
2015,6,11,26281,7936,72611,84530,51266,37667,52500
2015,6,12,5575,18616,92366,80620,28983,44730,35383
2015,6,13,9994,68809,28487,21557,14923,45840,13240
2015,6,14,18236,79935,8606,15010,2730,33826,27423
2015,6,15,73220,1156,79362,15853,25443,18324,16734
2015,6,16,76708,55990,9233,98635,74605,17950,9254
2015,6,17,19940,12679,60988,29933,81487,39474,47841
2015,6,18,12761,1665,1080,30996,81599,26037,2358
2015,6,19,84328,76214,79780,73900,77370,9141,79752
2015,6,20,2812,27464,6485,95872,83453,32069,34506
2015,6,21,74409,50019,90111,10700,79049,1099,86984
2015,6,22,76888,56924,24824,89648,58589,42255,6996
2015,6,23,56539,84643,99353,40867,60857,45484,71118
2015,6,24,38226,54624,37221,57389,98439,43705,89612
2015,6,25,98243,92125,80469,89003,42143,20580,29703
2015,6,26,21192,21678,73038,98079,94953,14214,24078
2015,6,27,53541,56468,41073,10080,41111,6777,67298
2015,6,28,1967,52260,98415,56544,23235,35635,33932
2015,6,29,38025,95691,83544,36267,87815,14012,15270
2015,6,30,46310,50943,41324,83853,88972,30713,8283
2015,7,1,83925,44926,2360,37465,1394,9785,53896
2015,7,2,58856,16561,47545,77174,68821,12311,43717
2015,7,3,8407,97945,64000,46432,9987,13895,52698
2015,7,4,14154,44259,24319,76815,95201,31994,10667
2015,7,5,84173,12707,58949,68097,73984,27660,31913
2015,7,6,91729,37444,85809,50584,54005,49705,84109
2015,7,7,39177,12016,94177,47583,26312,8177,50366
2015,7,8,36299,38423,93064,66804,82681,33734,33618
2015,7,9,77882,32080,20636,78406,61138,29584,12854
2015,7,10,35121,57243,84766,26850,94687,36926,83785
2015,7,11,65043,36631,37894,4219,48646,32070,58153
2015,7,12,74957,6598,78519,27607,45021,37934,80762
2015,7,13,44053,38019,54379,38286,70098,41366,86691
2015,7,14,31235,70949,79544,82708,44544,30662,19557
2015,7,15,39230,67587,19693,20624,20569,7586,41194
2015,7,16,69214,6008,9346,60523,12605,4216,74481
2015,7,17,73977,8501,15243,18030,46520,35973,36315
2015,7,18,32969,77339,89358,64204,48287,18901,66911
2015,7,19,9182,65914,72819,48411,33501,42511,55386
2015,7,20,54069,66449,26579,39635,72456,2277,40157
2015,7,21,1412,72844,4637,91741,81345,36231,59770
2015,7,22,27864,22204,82436,60832,99542,38145,41387
2015,7,23,64180,73398,4649,73362,39311,43819,58124
2015,7,24,72811,86330,23510,43232,69130,16440,22866
2015,7,25,41585,35068,99374,59348,7912,4010,1088
2015,7,26,89256,40241,77209,33471,78796,25997,60654
2015,7,27,94689,64141,68393,58868,37538,39393,8581
2015,7,28,76849,83212,86705,66011,85893,26566,29242
2015,7,29,55022,9357,92107,12958,44425,41480,22305
2015,7,30,52336,11842,23393,57943,68434,16953,77765
2015,7,31,63581,92949,18418,58269,57090,3162,77136
2015,8,1,10979,92555,65717,87827,75766,18773,50190
2015,8,2,61658,11690,79431,16679,21046,37890,45988
2015,8,3,81822,95721,18292,34157,7562,8036,28451
2015,8,4,92347,74989,16215,55927,84289,985,64195
2015,8,5,57730,54146,47683,68709,46700,29751,52887
2015,8,6,22465,14875,43076,474,26564,38859,83504
2015,8,7,63961,26748,79491,45783,22468,47783,26291
2015,8,8,46382,72170,21094,38728,63510,37308,41007
2015,8,9,47799,88292,25201,5528,42438,39235,40588
2015,8,10,89137,18985,63475,27954,33859,22902,68427
2015,8,11,76774,61760,78283,40735,88507,7773,22869
2015,8,12,10975,71907,15511,73708,44077,36604,82435
2015,8,13,7586,90264,23441,71736,94907,14994,17264
2015,8,14,53696,70580,67851,59185,89565,47677,7138
2015,8,15,39775,70579,31916,16549,48690,10198,23635
2015,8,16,37197,84323,92855,64523,56229,8365,68230
2015,8,17,16657,61321,67016,40595,67936,6809,12330
2015,8,18,62842,88154,89593,16538,58733,23796,62074
2015,8,19,48297,37824,79211,4424,8402,27478,50972
2015,8,20,73444,54028,94606,10640,38350,3812,81514
2015,8,21,10930,12176,46095,43939,89848,13110,4533
2015,8,22,74135,36270,96862,53329,24423,2807,26218
2015,8,23,99508,76602,78291,64156,14425,7501,48579
2015,8,24,39179,1330,89550,12622,55357,507,59613
2015,8,25,10058,4318,31126,20988,32846,43572,64926
2015,8,26,39045,23033,49458,13180,59303,12671,6508
2015,8,27,77,65477,69077,99584,58430,47367,20092
2015,8,28,72855,21219,48670,28385,22548,38220,11006
2015,8,29,94257,55078,96970,4314,75748,28095,85301
2015,8,30,8593,38018,6578,47637,61050,22387,37168
2015,8,31,36704,35058,60027,53133,16886,29103,39068
2015,9,1,75316,76469,49159,64522,14039,47829,72906
2015,9,2,36587,52400,50263,30843,7477,47232,85156
2015,9,3,99576,91678,76809,8168,29695,49738,12157
2015,9,4,90744,72125,65676,43800,23534,25703,46932
2015,9,5,40419,71157,65999,32086,47626,15158,46607
2015,9,6,61664,12986,89512,14602,81737,39774,41796
2015,9,7,5565,87005,96952,5141,78682,40112,33308
2015,9,8,8376,89849,1816,15472,78325,17492,45623
2015,9,9,18210,9546,72554,58629,80702,38552,10714
2015,9,10,44679,70061,87321,22695,99398,43184,67296
2015,9,11,81134,32958,99092,86699,36314,12395,71839
2015,9,12,14996,18858,21498,39723,25058,39666,81546
2015,9,13,3383,7157,47168,21592,33054,36073,6572
2015,9,14,13755,90977,3638,58434,61037,40958,47480
2015,9,15,60435,84141,34775,57920,33450,218,34618
2015,9,16,69764,78964,52808,1111,97821,24306,20833
2015,9,17,22879,13971,28731,42613,37479,25898,20556
2015,9,18,70532,11971,77128,638,2947,30765,9071
2015,9,19,80335,88074,56550,40769,88566,7677,28689
2015,9,20,22016,74246,59658,8131,69562,12466,19241
2015,9,21,67382,3123,50073,6612,33445,45155,85576
2015,9,22,70923,71053,46132,57806,99375,23259,18443
2015,9,23,2321,20375,33866,99007,8448,6767,29776
2015,9,24,97013,30795,54816,35380,5041,30825,13510
2015,9,25,90954,43290,52750,74687,62764,19175,1299
2015,9,26,96208,14329,63226,83482,1733,9357,67639
2015,9,27,1107,48967,16082,19779,69341,16299,18786
2015,9,28,77788,73065,74913,74801,20212,46080,86532
2015,9,29,41604,76904,70042,32557,36546,22791,57243
2015,9,30,99309,58317,4893,11869,88998,18119,15350
2015,10,1,90730,93827,69341,91837,42794,1774,57967
2015,10,2,28486,68072,46752,6274,57488,38016,7426
2015,10,3,77699,84095,23957,35654,60999,10350,38210
2015,10,4,97544,49493,91805,13204,7809,46697,65072
2015,10,5,96806,81167,36774,3888,91346,6114,22076
2015,10,6,34139,7887,40042,62624,92310,3146,65249
2015,10,7,66149,57513,99026,43848,41608,39335,35853
2015,10,8,18958,49684,64063,32853,99176,22219,36056
2015,10,9,23337,68915,87480,20142,66434,24253,10381
2015,10,10,57779,46718,52456,8269,70956,8850,47244
2015,10,11,79617,11995,88845,45765,85859,37870,45964
2015,10,12,27466,27204,1817,62775,76888,32231,25627
2015,10,13,92415,54449,41683,15751,23363,45514,32245
2015,10,14,6148,86118,92625,63926,32835,45081,82194
2015,10,15,20142,70282,75790,99758,98628,14634,71874
2015,10,16,84486,52503,67838,11952,96059,19654,34726
2015,10,17,89298,51884,86705,81712,6332,44739,87463
2015,10,18,46046,90252,49707,52194,76369,8683,82471
2015,10,19,25555,20115,21017,62048,90396,46806,28157
2015,10,20,89023,61439,40030,73509,30293,7867,51812
2015,10,21,26351,93872,92889,15648,62107,45945,63712
2015,10,22,68438,40683,11174,30836,30934,27232,39381
2015,10,23,23654,35914,31851,65560,72381,19219,37607
2015,10,24,62776,66024,5763,68151,43814,45793,78011
2015,10,25,90459,70011,59822,16809,80235,19062,48809
2015,10,26,42341,65007,62520,27131,5689,40045,87966
2015,10,27,52975,67276,57346,92980,19541,5548,68540
2015,10,28,91921,74767,86146,71049,57142,8261,9199
2015,10,29,17308,54053,97209,7766,40415,23382,60926
2015,10,30,20649,42443,6086,62990,23801,34957,80120
2015,10,31,45842,75001,64437,15168,58628,38134,8147
2015,11,1,78169,43681,66686,86441,34799,19184,63841
2015,11,2,8293,77444,13039,41952,47848,26599,26069
2015,11,3,88262,99980,23346,25263,58775,29432,84604
2015,11,4,82575,14388,94723,44768,89389,25511,19935
2015,11,5,64368,13644,68082,58888,73676,34767,15329
2015,11,6,8475,3950,35521,33119,81393,48560,41422
2015,11,7,29240,75158,57490,33854,91490,30835,19116
2015,11,8,50264,10266,63719,32838,41006,24793,63958
2015,11,9,46746,50303,53892,11113,63946,21973,40001
2015,11,10,53973,73092,31681,62447,93393,17201,61917
2015,11,11,91138,32112,3338,36729,7270,27179,20582
2015,11,12,15111,58014,46049,65374,84631,26119,4563
2015,11,13,25636,17263,8520,88733,67565,12412,89846
2015,11,14,47862,736,86198,1835,73827,34230,70633
2015,11,15,67220,1430,8902,58357,49894,28591,15085
2015,11,16,73515,5770,82019,88625,80135,44419,33998
2015,11,17,81117,86890,68560,23105,4152,43432,51837
2015,11,18,88069,55843,11682,52282,56578,14231,34116
2015,11,19,46757,48460,51101,13976,66242,26354,38684
2015,11,20,16135,4944,120,89649,27065,48490,18273
2015,11,21,23551,42909,32270,4668,29798,17181,34124
2015,11,22,50301,10612,55960,38369,82806,33994,651
2015,11,23,39384,98224,61118,2492,46684,12218,66467
2015,11,24,29277,4923,21502,45411,26219,37973,85059
2015,11,25,53283,36463,29683,93186,95723,11952,44205
2015,11,26,41872,95484,58328,92172,22448,14287,541
2015,11,27,5253,14632,21191,60988,12856,32308,3479
2015,11,28,75891,10878,96297,5167,32152,34150,66929
2015,11,29,58370,72123,1987,28005,8585,31669,71190
2015,11,30,20659,9972,51746,62530,21807,10073,14701
2015,12,1,44254,40711,85241,65859,55343,22783,6846
2015,12,2,84550,21443,6677,76792,32320,19325,68310
2015,12,3,64471,53475,65238,39193,41949,17224,17197
2015,12,4,50533,15244,4738,87543,41567,6483,30072
2015,12,5,63373,66555,4772,23979,23617,6365,89837
2015,12,6,78959,29147,33034,79860,50589,6062,86651
2015,12,7,99260,75387,54960,80083,45213,20197,9275
2015,12,8,87161,3772,86471,54045,35367,7560,81587
2015,12,9,76933,64042,91658,56658,46948,12781,66988
2015,12,10,70564,19145,86824,65875,48292,36209,25734
2015,12,11,98880,8623,18737,14492,361,23696,14574
2015,12,12,45573,10245,13848,49085,30368,16670,39481
2015,12,13,65735,24229,61067,59019,4622,19076,12028
2015,12,14,51569,81856,29015,38484,17353,32190,64358
2015,12,15,65644,68399,66444,80875,93373,35180,25366
2015,12,16,93733,75227,89939,55657,1823,20138,24741
2015,12,17,48543,36807,24221,30629,77387,1639,5999
2015,12,18,82008,70714,38027,49928,68921,17041,78412
2015,12,19,86273,99231,9121,68268,83981,25564,9143
2015,12,20,77353,77095,60860,71085,68674,799,76741
2015,12,21,86848,87288,47833,35390,24095,38405,22370
2015,12,22,17833,90043,88369,99841,77108,26395,19768
2015,12,23,46028,9787,38179,48653,9017,47300,83272
2015,12,24,9349,39215,82414,86701,32662,9626,44137
2015,12,25,17687,10424,17229,4534,97711,15061,6276
2015,12,26,38157,53465,38645,55990,59859,27013,42182
2015,12,27,36966,69759,21949,99346,79546,26480,84350
2015,12,28,88562,40131,97621,14263,95697,30035,963
2015,12,29,28358,56012,91452,46044,66435,8680,16930
2015,12,30,80497,90093,23205,35006,59909,11849,87347
2015,12,31,19768,5214,79528,73085,91324,17828,2430
2016,1,1,70869,10659,53131,75783,50789,752,20045
2016,1,2,46486,47138,7359,91195,3149,48810,3591
2016,1,3,85935,23842,20520,66431,13934,43724,37788
2016,1,4,90194,21924,25134,26313,43489,21013,9398
2016,1,5,34813,38841,88179,5681,49499,41310,37815
2016,1,6,16640,8413,87859,79477,55550,45218,40671
2016,1,7,58698,10379,24261,44632,34220,44780,47414
2016,1,8,64505,4855,45202,71051,26779,36687,67363
2016,1,9,86619,7700,13112,21431,62892,17643,53464
2016,1,10,28742,75304,41278,45381,83716,29137,11209
2016,1,11,39265,40706,28232,14314,51084,2492,8945
2016,1,12,1656,13624,86358,66160,34830,47911,47210
2016,1,13,77960,50950,50925,64579,75001,14036,72361
2016,1,14,37892,98030,45824,82985,73333,37102,64718
2016,1,15,73400,32590,85926,12664,73295,14157,83329
2016,1,16,40730,83001,2273,42385,96624,4983,84897
2016,1,17,47805,69245,62106,25765,20194,29382,40343
2016,1,18,95194,9770,92703,49437,7799,4879,82422
2016,1,19,97484,41980,77139,70883,90921,13064,29899
2016,1,20,80567,93573,43227,21296,76573,11852,60033
2016,1,21,89548,66834,4929,37352,36078,33386,13116
2016,1,22,56272,12768,69810,67817,22537,28865,27254
2016,1,23,30335,33743,49675,44170,92074,26813,55053
2016,1,24,82994,6228,14951,79912,99800,24529,21207
2016,1,25,92724,36380,81239,82271,3213,2519,9623
2016,1,26,55643,85905,99090,11914,98672,18900,56082
2016,1,27,37560,64116,13335,84246,97858,13009,8416
2016,1,28,6283,6173,43468,5628,28753,24770,55539
2016,1,29,28552,65650,3097,37628,2030,34336,89898
2016,1,30,21594,3206,55872,77236,89110,4962,15501
2016,1,31,4133,40213,1583,41692,4328,14917,32290
2016,2,1,18537,94278,70705,41171,450,30524,26798
2016,2,2,29202,21645,32336,74106,87294,35432,81733
2016,2,3,89323,36119,47982,10917,39325,3854,4504
2016,2,4,44786,75167,10005,65271,15379,27939,73314
2016,2,5,36058,42855,65603,70946,53484,2659,62116
2016,2,6,53934,83182,75265,99487,21178,23952,9944
2016,2,7,8472,59383,18028,14146,11854,16010,15062
2016,2,8,67530,86215,45918,12315,61381,5922,13937
2016,2,9,93111,83860,17251,45520,43066,32853,76465
2016,2,10,96550,35512,44932,66835,35045,20196,62673
2016,2,11,56223,60499,72617,81046,19881,6996,85191
2016,2,12,48086,89357,36605,15615,75571,32522,84282
2016,2,13,53303,54795,38218,46413,55006,21820,21932
2016,2,14,98071,54673,24748,10972,6536,36031,67806
2016,2,15,57932,22578,60479,14154,83076,49447,85199
2016,2,16,19309,72794,6742,67394,62151,43346,89361
2016,2,17,54073,25867,59994,7376,97013,48211,30140
2016,2,18,52018,70031,78424,50088,41055,19523,21060
2016,2,19,63942,5554,55217,21873,28131,32047,82379
2016,2,20,27559,97845,47577,46867,70639,20670,34260
2016,2,21,49141,14015,29972,3213,56233,39965,26940
2016,2,22,53245,4528,13432,5262,90910,41855,61702
2016,2,23,31964,11377,49113,95905,33282,4329,17777
2016,2,24,61413,52728,86507,5323,50572,34084,2189
2016,2,25,21210,21105,82800,86702,35120,12772,76267
2016,2,26,7704,19088,33206,60949,23615,12989,32562
2016,2,27,14524,54843,70615,62839,82572,19727,68743
2016,2,28,15853,40408,92872,93617,93135,29378,18939
2016,2,29,60058,29813,67479,97620,67270,279,64321
2016,3,1,2389,79402,90587,26444,98489,40145,67392
2016,3,2,38456,3133,86306,52979,74328,6920,65818
2016,3,3,73251,92999,90912,5455,33406,135,39072
2016,3,4,42892,95865,14362,2949,42029,31841,16920
2016,3,5,9298,48471,1241,28038,44224,8179,64482
2016,3,6,42712,64675,58225,97519,84160,44530,50498
2016,3,7,58487,17802,82667,48089,10800,39930,33543
2016,3,8,60557,90065,52614,3448,2281,33328,42748
2016,3,9,44309,81520,56020,69959,29990,23612,17996
2016,3,10,90565,81790,68829,49628,62817,27054,57147
2016,3,11,46976,87935,13996,21814,22088,46662,9902
2016,3,12,32887,86591,39796,93443,93007,8762,43242
2016,3,13,11639,92089,52342,72300,73608,24713,12258
2016,3,14,19949,98324,56605,10513,96465,41786,6492
2016,3,15,59281,68839,23638,22608,73125,37633,54421
2016,3,16,95213,34294,30674,44451,37237,20470,34246
2016,3,17,46595,79231,67487,58234,87671,36180,10533
2016,3,18,77630,60892,89142,97578,75567,45746,64442
2016,3,19,72032,87531,933,31312,72721,40923,30272
2016,3,20,62198,78555,14692,57410,29201,11718,41860
2016,3,21,82789,32187,56105,29383,27769,39944,23968
2016,3,22,15439,92475,34500,93068,69719,39993,46997
2016,3,23,45285,85739,47790,17316,89621,15074,14980
2016,3,24,78694,5996,35251,40891,84551,16294,34652
2016,3,25,30103,28011,16511,12891,76549,38968,42273
2016,3,26,4317,45263,46241,36107,54089,47092,79174
2016,3,27,23807,37085,52522,85444,39175,311,52759
2016,3,28,45147,81737,84090,23840,87732,19340,24730
2016,3,29,88634,85634,79381,18736,29996,12244,71626
2016,3,30,6545,17563,73899,27213,79177,36491,63320
2016,3,31,33265,49934,8845,73424,87018,27719,8867
2016,4,1,42544,78029,77977,87691,59765,12067,71530
2016,4,2,63849,97758,92612,52482,99743,38344,51218
2016,4,3,29739,16939,2843,52635,50853,43093,19847
2016,4,4,30029,45935,43166,79646,95869,18363,59421
2016,4,5,99238,46081,44639,41782,40461,22615,69472
2016,4,6,16578,1033,57353,80426,98791,49964,62907
2016,4,7,14885,54660,20476,60975,71598,39671,23609
2016,4,8,22451,32763,93456,68831,78698,2973,24828
2016,4,9,90918,37687,34248,90155,83767,28886,51936
2016,4,10,40580,17853,77759,57157,35237,35112,67582
2016,4,11,50379,85075,86840,65264,39734,23668,46238
2016,4,12,27684,63338,39847,50134,12452,49654,55316
2016,4,13,91149,18978,144,98418,56665,34391,28573
2016,4,14,56783,29629,20508,97362,63833,48267,14518
2016,4,15,99069,49730,8451,49448,34804,11643,4711
2016,4,16,90890,35310,57300,18573,98647,47146,85058
2016,4,17,11098,63151,20373,18599,82129,36868,27016
2016,4,18,38793,71259,21940,95575,17239,8800,12937
2016,4,19,81071,73418,63806,80139,23147,22257,89586
2016,4,20,74302,83899,60648,65191,35560,17948,50115
2016,4,21,50558,15093,1524,78007,94596,38249,42957
2016,4,22,76724,75116,29973,15516,62726,18264,47442
2016,4,23,79964,27063,20378,61034,480,34184,57525
2016,4,24,39978,72792,87110,14280,73042,14110,35822
2016,4,25,8601,82057,12289,75510,13501,13812,13516
2016,4,26,8096,52060,66473,84819,43528,12797,16686
2016,4,27,6253,81060,44128,86217,24475,30857,43602
2016,4,28,24954,81392,21126,64932,54183,24588,85563
2016,4,29,27224,88697,91384,52176,87105,3672,37685
2016,4,30,605,33836,97553,25053,2247,14025,59871
2016,5,1,45774,76821,42909,52027,74232,37036,24595
2016,5,2,98706,84244,34548,40012,65636,5674,1295
2016,5,3,19818,96613,16857,63394,85309,24592,1921
2016,5,4,88765,28264,75958,89369,78451,23510,4421
2016,5,5,80697,53886,40644,26471,47058,49904,54849
2016,5,6,21289,86939,65795,36347,71182,342,2710
2016,5,7,53169,56015,14004,89339,68979,47212,52732
2016,5,8,54287,71803,1004,43051,16418,26961,8772
2016,5,9,94868,66822,79544,75565,20707,36539,28387
2016,5,10,67764,36442,13235,5405,39732,29029,61751
2016,5,11,27266,95722,34460,80434,51737,14815,49772
2016,5,12,37067,12026,38855,91354,180,39859,40756
2016,5,13,16598,33171,15879,27817,16345,45423,83381
2016,5,14,37051,48313,38119,4815,84755,1353,10219
2016,5,15,24486,46733,68321,51751,42455,2780,48537
2016,5,16,10543,83946,18308,47609,95971,7163,5314
2016,5,17,96150,13373,22422,29099,46543,38300,56916
2016,5,18,62887,50074,76648,16290,14739,14767,37456
2016,5,19,99493,82471,64026,40330,29204,32346,38433
2016,5,20,88010,51477,56969,14904,35422,25276,52512
2016,5,21,47744,48790,34178,43893,62162,6599,59344
2016,5,22,25057,11250,46259,87943,77676,39258,80584
2016,5,23,92414,54024,58039,8258,36495,22064,18587
2016,5,24,82050,70761,73371,86411,22237,30339,11314
2016,5,25,74010,21967,80177,21753,70756,14354,31998
2016,5,26,32918,87304,87693,57974,14906,303,32268
2016,5,27,92581,89560,82852,1346,43584,7242,19603
2016,5,28,96430,79306,74541,94831,66418,47912,51241
2016,5,29,88655,78250,82554,79016,16568,12730,37121
2016,5,30,87324,93436,99118,20241,80739,36810,4566
2016,5,31,11996,53464,73185,4576,43023,6036,85921
2016,6,1,2958,29630,15523,99387,8935,6416,30569
2016,6,2,91704,54327,91809,96710,48928,40714,75726
2016,6,3,65496,69796,92846,52819,63231,8315,49411
2016,6,4,60321,11476,83976,72317,64939,7160,36892
2016,6,5,7961,29548,99165,27271,59177,31039,43009
2016,6,6,84463,37454,53578,76166,91780,45386,39228
2016,6,7,40708,52452,64953,6203,22247,24150,45373
2016,6,8,85477,98816,64783,45797,10291,15110,84465
2016,6,9,91581,38621,27709,15893,84520,26873,3163
2016,6,10,43696,74263,86172,44510,11717,39749,17028
2016,6,11,19848,1486,26255,76907,53937,7559,59461
2016,6,12,76183,81708,74833,78011,80523,5967,50160
2016,6,13,7165,21076,74624,98745,76049,2332,84637
2016,6,14,60568,45556,74152,20616,19819,10323,55125
2016,6,15,47887,16423,18504,84086,34260,44758,70993
2016,6,16,4549,68668,76805,80731,50375,17990,45094
2016,6,17,47249,23956,15253,70765,61384,6228,19509
2016,6,18,37432,24912,498,14351,70467,41001,84966
2016,6,19,6637,51323,16443,54523,84097,34946,54961
2016,6,20,18356,96056,32305,22904,64723,9109,9987
2016,6,21,31450,77098,11432,95050,17406,43036,15815
2016,6,22,78789,49263,51675,32572,74174,18524,6922
2016,6,23,44641,59524,81888,67629,27198,48330,2152
2016,6,24,27646,49627,93464,46002,62034,25768,15257
2016,6,25,26757,34876,21595,74558,28326,33026,19607
2016,6,26,45731,92413,51773,40871,41676,3448,3442
2016,6,27,32201,88323,36715,76841,47847,34954,50822
2016,6,28,91396,49635,99325,19042,99262,42788,31395
2016,6,29,61295,18555,66651,4403,69782,4598,45312
2016,6,30,98107,53975,81271,60189,46388,33043,51059
2016,7,1,88063,52842,90852,20263,41165,43919,73456
2016,7,2,5363,78872,74277,96758,44859,23601,12151
2016,7,3,60472,82740,13545,38118,1294,46548,72521
2016,7,4,71075,1145,54184,85534,71471,35454,25722
2016,7,5,17858,68497,63133,22272,37690,3984,28887
2016,7,6,95206,14254,72342,568,93126,12970,73678
2016,7,7,37984,52922,62180,98455,35661,25725,76572
2016,7,8,53306,72272,95444,24380,89768,49628,59913
2016,7,9,77590,85081,55635,95448,69929,18767,37719
2016,7,10,23971,89102,92957,19176,3356,15298,26096
2016,7,11,12833,44619,66125,67168,13892,28304,81974
2016,7,12,65904,4028,34897,19209,92651,30341,83589
2016,7,13,98770,96320,69853,76360,97752,41839,88159
2016,7,14,84033,76957,22229,8003,82411,15186,87178
2016,7,15,85766,96835,63273,14950,41454,29397,62117
2016,7,16,71697,74053,64090,37601,78080,48986,76809
2016,7,17,87083,45678,16749,2204,41997,2954,4915
2016,7,18,56101,44792,83073,40133,38101,5302,38135
2016,7,19,20511,20487,91664,6276,17321,21289,11225
2016,7,20,75126,685,19693,46823,91089,33782,40775
2016,7,21,85521,99119,73935,72603,44797,40684,41158
2016,7,22,3145,93637,86073,59245,54780,19145,69377
2016,7,23,92880,90798,63863,13390,11284,5527,6017
2016,7,24,44957,26815,73593,20082,43851,43285,53256
2016,7,25,34940,77066,84030,20460,76185,7965,69414
2016,7,26,37333,65000,16923,40477,74988,2995,56074
2016,7,27,46119,88492,31802,38999,79289,45665,38740
2016,7,28,6925,67543,4757,51881,10709,28349,68314
2016,7,29,70911,71634,87922,22202,65051,38303,29013
2016,7,30,57587,62619,68426,94919,43970,1701,71748
2016,7,31,18957,4695,67821,65076,9538,49622,30426
2016,8,1,5179,11638,5517,12103,95532,10273,50335
2016,8,2,6240,4974,85000,77151,92959,22921,29352
2016,8,3,74361,77576,74717,31948,40194,43142,23218
2016,8,4,84164,44842,11317,19472,65889,45489,10899
2016,8,5,75426,95111,21324,96956,23100,26841,69058
2016,8,6,18632,53465,5744,41223,74790,40744,44725
2016,8,7,67748,80016,50429,58461,57591,25145,16760
2016,8,8,14137,84638,49977,98300,45832,27646,57771
2016,8,9,11720,73134,35022,3497,84596,6345,70453
2016,8,10,24048,99537,25862,42679,69354,31606,70253
2016,8,11,44143,38701,34978,28243,18716,35406,46703
2016,8,12,92659,10550,93462,6795,95187,9790,21446
2016,8,13,41018,53787,55568,69089,26921,40589,58938
2016,8,14,27868,63286,5742,51915,79174,31603,945
2016,8,15,64879,79560,11198,25374,34612,12527,33616
2016,8,16,69680,47932,56670,62338,74833,16483,75484
2016,8,17,86371,42624,23281,43741,96411,45200,39181
2016,8,18,39683,85789,18118,67550,65426,23859,55817
2016,8,19,60951,71814,46761,25830,67725,24310,37555
2016,8,20,2337,36836,21170,72016,1119,44191,50705
2016,8,21,92303,60673,36188,78674,19648,25820,48766
2016,8,22,16058,71019,67946,72092,73159,36064,25994
2016,8,23,54936,26274,91810,15887,14439,4922,68068
2016,8,24,82164,45584,25622,852,98771,13143,2867
2016,8,25,16242,57333,23571,8544,34357,26110,3569
2016,8,26,54004,68281,42334,86414,39299,10280,68505
2016,8,27,12458,12695,14498,67393,38968,22659,59631
2016,8,28,69759,77581,57698,51922,39516,49671,79125
2016,8,29,38286,62813,41991,54527,36497,31913,89423
2016,8,30,87205,74374,82991,41209,42654,25325,23974
2016,8,31,98304,35604,18830,27113,48298,49680,858
2016,9,1,3617,72338,10488,73375,66270,34538,31648
2016,9,2,5785,560,10772,60423,63373,19114,34949
2016,9,3,16221,51026,94371,3426,41751,43714,80986
2016,9,4,84404,19038,4959,99060,70993,40140,66172
2016,9,5,35642,89819,37029,39258,62157,13869,18985
2016,9,6,44778,48406,70632,66915,65317,31404,37337
2016,9,7,28689,66869,58637,44910,17895,19360,4687
2016,9,8,59645,63073,25672,60401,98462,30630,75812
2016,9,9,69454,70769,1983,5095,60588,5364,30704
2016,9,10,39096,19232,89688,225,83989,26672,47139
2016,9,11,49305,74427,10827,94346,41295,19464,89255
2016,9,12,75541,55175,20293,51538,18247,45964,18290
2016,9,13,33060,76593,4101,2513,63713,6083,13959
2016,9,14,40652,61446,1014,96099,97029,7054,46324
2016,9,15,81017,83725,79814,30322,74503,40641,24667
2016,9,16,15797,76456,80273,7690,31630,565,29227
2016,9,17,66228,62880,87516,99287,39472,41616,18151
2016,9,18,19536,14050,42109,60188,91848,9474,12638
2016,9,19,88876,66527,85313,69893,66603,15127,66566
2016,9,20,41105,72119,57584,73254,48574,4208,50943
2016,9,21,80203,71124,40169,46430,34003,27684,62068
2016,9,22,89826,35651,80218,9361,66052,22326,35900
2016,9,23,57899,98151,74890,63127,64678,10202,3019
2016,9,24,31280,25328,65936,88737,97446,39871,11990
2016,9,25,62371,94078,42932,42573,81553,33100,75354
2016,9,26,15555,27135,67421,21732,79137,13990,67444
2016,9,27,45188,86315,33344,19439,818,24585,52565
2016,9,28,65495,84786,31935,13126,26466,47870,11862
2016,9,29,23911,54092,63851,2634,48169,6782,81558
2016,9,30,46073,6233,66912,77979,49719,684,59710
2016,10,1,28855,14674,47153,90395,17340,46848,9833
2016,10,2,18157,21432,92397,3,22570,24331,23129
2016,10,3,49035,38552,31342,89297,92643,45193,71930
2016,10,4,57163,18326,53488,3235,24559,36751,41213
2016,10,5,74277,3786,97274,19484,34811,10778,79878
2016,10,6,52151,73978,19710,86659,11761,28458,73014
2016,10,7,34330,52788,16142,83364,7691,13835,49013
2016,10,8,333,59027,80942,73847,93705,781,7081
2016,10,9,18263,3883,74645,8891,7669,38270,88374
2016,10,10,42479,49047,54603,10981,39376,24312,33992
2016,10,11,51137,19121,17005,85466,71908,49498,25182
2016,10,12,95950,13332,90546,12634,88711,37839,56480
2016,10,13,82415,38620,79912,17029,58854,4556,75919
2016,10,14,66522,59177,70645,25353,24576,41599,42685
2016,10,15,63951,32263,83028,15087,51383,32,36905
2016,10,16,39643,65881,18438,35592,95565,25335,78226
2016,10,17,84275,13173,34705,66689,68144,14617,33717
2016,10,18,26998,85524,25987,9871,44701,12983,11575
2016,10,19,85628,54582,20612,49578,86844,3639,81017
2016,10,20,54578,20023,97921,94220,85903,32710,29812
2016,10,21,81467,58044,78037,82093,87568,29093,5133
2016,10,22,55712,60061,65201,82709,45585,41188,88931
2016,10,23,6637,20522,60506,92264,91455,31117,1841
2016,10,24,94650,1107,39209,49228,21129,3481,79799
2016,10,25,23384,86190,89610,21202,60585,33998,13295
2016,10,26,48153,13091,68427,3864,73151,33628,22924
2016,10,27,35087,41167,11854,41723,78040,38711,30338
2016,10,28,85847,86179,8531,80496,87286,47739,6075
2016,10,29,24766,1220,5874,48149,3761,11835,9351
2016,10,30,64346,95833,72645,12498,25275,7423,22713
2016,10,31,14777,7402,51988,49864,64920,30193,7938
2016,11,1,59312,85256,74628,45158,71434,33158,62005
2016,11,2,75071,30896,4432,99837,32115,10305,17985
2016,11,3,35876,38491,17335,16573,34323,6331,65422
2016,11,4,75949,80106,94486,90726,3859,46473,26941
2016,11,5,85131,26665,64878,44442,11920,39505,35951
2016,11,6,99706,39014,64307,74776,69910,18738,70964
2016,11,7,18376,95394,38949,70603,33885,22635,43527
2016,11,8,84559,95318,48948,60508,75423,43433,21233
2016,11,9,95633,6257,8173,80763,49274,39402,1556
2016,11,10,77545,45259,47506,77250,84272,11813,38378
2016,11,11,54181,80550,59341,88909,92296,14641,49511
2016,11,12,26180,87276,79390,10738,82593,28337,1245
2016,11,13,74367,88122,38829,86351,94378,47001,57114
2016,11,14,43651,52755,25021,21196,98013,22527,84797
2016,11,15,82284,691,83174,52817,97592,8867,31725
2016,11,16,89887,73507,17587,32418,60782,46976,53156
2016,11,17,59726,41665,30752,50444,29786,19581,46795
2016,11,18,40515,32933,20260,84166,85687,45280,61713
2016,11,19,51,34158,36509,82335,51200,36035,31503
2016,11,20,48792,94901,93227,55030,68407,27165,67448
2016,11,21,45541,40493,46955,21618,82157,27706,18414
2016,11,22,28294,63638,25208,68808,12923,11819,22973
2016,11,23,14961,23450,74685,15012,73960,27546,33698
2016,11,24,41511,63580,65200,90302,74832,24778,21684
2016,11,25,43238,1942,65483,5130,58786,12437,16748
2016,11,26,40942,6494,31513,69235,86484,6720,38043
2016,11,27,99406,34890,7367,30718,74691,48404,85729
2016,11,28,65002,25949,75778,6513,5880,40977,83166
2016,11,29,80711,32106,74849,40300,50400,6683,41782
2016,11,30,9185,85471,4881,66479,8317,36393,85713
2016,12,1,94800,9464,90107,10557,44353,47474,51274
2016,12,2,35395,12229,87003,397,38177,29132,86909
2016,12,3,60408,20109,20074,57470,68566,11275,27769
2016,12,4,18965,84309,59550,28150,69780,14430,84628
2016,12,5,78096,822,46692,72895,10285,3151,69803
2016,12,6,70989,50624,41076,6384,79204,44430,3132
2016,12,7,33732,23562,30040,94139,60022,16465,31608
2016,12,8,28587,94091,65728,47552,78400,25278,2053
2016,12,9,48179,6059,3032,42626,23233,49723,15520
2016,12,10,49869,2873,15322,20858,69848,22749,3593
2016,12,11,49051,17179,66724,99134,40740,13115,23272
2016,12,12,761,95931,44879,45699,6374,26959,23250
2016,12,13,84773,52236,85302,49303,74646,4685,1928
2016,12,14,97878,54408,23799,47747,73632,5472,74956
2016,12,15,59832,44572,28548,25234,61750,11623,54368
2016,12,16,18841,24737,33991,35953,37019,28870,11652
2016,12,17,43392,22180,91253,44516,74415,42907,10170
2016,12,18,65412,97591,2097,63290,68350,42247,77388
2016,12,19,41982,14070,12343,18165,58642,7242,19750
2016,12,20,36743,68864,84117,55584,9952,18108,67888
2016,12,21,46970,13329,89539,90362,35508,30792,4877
2016,12,22,26274,73698,45047,91685,87640,13495,41326
2016,12,23,55990,22094,15065,14323,52515,27407,52487
2016,12,24,27508,1000,92236,64251,69863,42705,6186
2016,12,25,79814,27164,44073,26784,40492,49964,73497
2016,12,26,92351,30755,84725,34976,20804,46123,33012
2016,12,27,8443,25970,30690,64432,48063,45754,48754
2016,12,28,16929,89513,27592,44437,90512,36180,85039
2016,12,29,60375,28884,61224,56540,56047,21648,69675
2016,12,30,12890,71611,33171,21592,18717,34248,52919
2016,12,31,39520,80370,15930,64315,6339,46619,78746
2017,1,1,70753,8725,23852,4034,98237,17795,28470
2017,1,2,5100,3974,89860,81826,32857,1083,68366
2017,1,3,5255,89082,54392,34496,60693,37563,2439
2017,1,4,79409,38162,45357,35281,18531,11287,19595
2017,1,5,41222,24257,44692,28326,49333,34895,62359
2017,1,6,47569,52690,97180,69021,56663,37039,10846
2017,1,7,5872,54473,5563,27478,43555,9955,21974
2017,1,8,4247,63869,34412,7,2030,46121,25287
2017,1,9,36912,57407,34881,78133,98015,45925,66459
2017,1,10,47348,80819,55169,11268,33508,2349,70288
2017,1,11,90171,39387,47486,12394,93860,3048,19871
2017,1,12,53766,13002,1844,58012,93222,2608,28018
2017,1,13,95251,48728,9657,32163,22486,44537,6647
2017,1,14,20500,40461,49457,84199,37632,4626,71819
2017,1,15,71139,56974,92106,77661,12712,5943,80054
2017,1,16,22923,8991,29925,76688,38344,31768,21051
2017,1,17,31566,84375,25421,43168,49454,1429,5330
2017,1,18,71939,95965,18329,8791,52778,17785,42989
2017,1,19,90409,88762,21159,77899,62087,29617,85560
2017,1,20,74799,85559,45613,14073,94549,25537,57113
2017,1,21,49245,23657,74515,80810,24383,16287,33977
2017,1,22,73837,67715,15659,45775,80032,339,917
2017,1,23,49161,18123,80258,39569,6885,1416,33819
2017,1,24,68971,31032,89378,60121,16591,34991,30546
2017,1,25,27491,26879,97658,76735,50535,22172,83896
2017,1,26,74918,88459,14225,48754,56173,46235,880
2017,1,27,52556,96573,81797,1716,31047,28406,27636
2017,1,28,37931,79821,91455,23254,10853,30832,79726
2017,1,29,43795,32174,90271,87637,59053,37928,84372
2017,1,30,25939,76452,54619,856,81262,18843,25961
2017,1,31,53786,31429,93193,6342,28001,24989,68057
2017,2,1,59048,69746,65693,13330,49566,23499,12935
2017,2,2,76770,54330,52661,36916,2856,9283,14553
2017,2,3,78260,47211,88924,4198,40014,9894,11406
2017,2,4,21275,45089,87366,91412,76517,30558,47753
2017,2,5,4518,71898,22162,79917,41643,4206,69598
2017,2,6,7561,77704,78885,84330,48385,31545,57598
2017,2,7,51240,90827,62150,45851,54389,17425,6401
2017,2,8,10754,27318,87806,48380,72406,41523,39792
2017,2,9,48923,88433,53896,69792,76682,42409,26060
2017,2,10,18325,96614,92009,42237,90669,20893,62918
2017,2,11,39054,2437,80515,6645,9616,42664,2496
2017,2,12,80356,10088,18896,91110,37406,23053,75841
2017,2,13,26163,14575,11984,91437,3007,15880,77580
2017,2,14,79689,74640,43639,14365,71254,2000,6601
2017,2,15,78274,22892,15870,17327,25329,46385,73972
2017,2,16,51296,39048,92819,48003,65488,11714,25464
2017,2,17,19245,34766,11305,45407,65692,23288,3196
2017,2,18,85051,5519,30775,81091,80159,40766,35455
2017,2,19,67764,42765,68407,46037,65656,34276,3364
2017,2,20,7336,97012,3687,74983,52412,46505,72986
2017,2,21,17899,8218,94801,37143,59335,6105,88901
2017,2,22,41378,29393,52096,26428,51263,49223,67518
2017,2,23,31421,6340,19324,15536,65456,37730,71573
2017,2,24,31111,88358,41288,54799,85369,44974,36133
2017,2,25,37780,41478,85470,72030,66047,30271,69172
2017,2,26,41733,86375,24425,83110,32119,42872,89538
2017,2,27,83382,92094,33407,31154,14785,2731,66690
2017,2,28,80240,40460,8262,11351,45169,15901,2501
2017,3,1,46890,10874,28633,1021,68703,14103,33051
2017,3,2,34749,94373,98574,76481,97099,22998,65942
2017,3,3,45570,15870,85479,45303,24315,35238,16456
2017,3,4,39100,87968,39497,19339,28427,14110,57041
2017,3,5,89948,30010,45893,36837,40883,24526,37857
2017,3,6,9585,4980,10907,60685,15704,25833,13517
2017,3,7,12802,48830,29459,74723,81051,31289,80025
2017,3,8,5366,66526,12833,60817,54493,2329,20155
2017,3,9,99272,16439,43548,89219,62800,39440,52407
2017,3,10,3683,80317,80263,29619,85296,7522,36656
2017,3,11,999,33354,60172,30153,98535,5982,4875
2017,3,12,79586,37271,41252,1303,20148,4084,52119
2017,3,13,90993,6412,58625,90264,39202,18524,5834
2017,3,14,2002,7964,38240,22036,88280,34854,41654
2017,3,15,89928,58727,74661,90926,92080,34833,57430
2017,3,16,6967,57166,58657,2904,10788,49908,34206
2017,3,17,30936,53991,82676,38280,76754,7652,48543
2017,3,18,15956,76176,40728,34309,84139,45319,86344
2017,3,19,88770,30172,24349,78697,88899,49010,55975
2017,3,20,97330,50194,39756,20648,7359,48412,23551
2017,3,21,18147,14671,44108,65434,85013,26783,83713
2017,3,22,78119,787,48607,94074,76962,39334,18382
2017,3,23,77452,84652,1077,66221,31175,25425,21270
2017,3,24,36425,24434,47244,50107,74627,36999,30754
2017,3,25,98338,1763,10657,16484,16433,4764,18269
2017,3,26,17798,97899,1981,95916,98685,587,36341
2017,3,27,91998,56272,34722,69449,57275,35798,72021
2017,3,28,4801,77574,13290,57578,2008,26885,27684
2017,3,29,92986,63884,94789,91323,81998,21797,14158
2017,3,30,14782,76561,22426,32579,90811,40758,78494
2017,3,31,5847,7696,34834,97844,63967,35907,63644
2017,4,1,37593,38056,52016,58746,15630,31658,66323
2017,4,2,33989,58542,24006,26974,38777,35146,74649
2017,4,3,20774,56943,58806,51908,49855,47584,64486
2017,4,4,40665,38341,29332,62863,46037,30517,47058
2017,4,5,26355,82776,60701,80300,37183,29068,19045
2017,4,6,69164,10725,55367,3152,85619,45724,36478
2017,4,7,24395,30869,97478,61521,4163,22635,13428
2017,4,8,54017,70218,14265,11033,24911,43596,43895
2017,4,9,87299,24113,50952,30005,23240,28004,50304
2017,4,10,60422,57072,65700,29586,84148,37418,19089
2017,4,11,69766,33141,95566,94161,80362,9395,2033
2017,4,12,84524,82030,1812,54893,52247,16076,55925
2017,4,13,93509,59672,39820,80807,136,7123,17164
2017,4,14,23375,35127,37467,148,8550,19519,9733
2017,4,15,92697,56936,78822,62463,90077,40739,2975
2017,4,16,86790,16486,61359,71313,98515,13170,26205
2017,4,17,67113,79245,8482,60622,55268,48301,87780
2017,4,18,55403,71775,84943,95129,6901,38762,85277
2017,4,19,15450,58280,41361,24499,15215,36534,86961
2017,4,20,21643,43625,76287,8432,60110,37645,66097
2017,4,21,58624,814,38653,42088,80058,47134,42709
2017,4,22,35326,11786,76841,7080,83561,11783,42209
2017,4,23,6813,16896,13837,38615,75175,21549,43113
2017,4,24,6742,8083,50073,44736,51707,26359,49520
2017,4,25,28168,80355,81968,3143,81168,20620,45230
2017,4,26,77577,84106,64291,12902,12243,41131,39982
2017,4,27,95803,19265,38542,18968,36161,18730,27582
2017,4,28,27687,40278,20694,50780,64712,20766,61868
2017,4,29,32770,13476,81387,60937,10182,13354,54079
2017,4,30,91349,325,25661,68925,84430,39951,58179
2017,5,1,96673,47433,34512,8827,83049,23053,27794
2017,5,2,35561,58134,1727,63248,98411,22420,20379
2017,5,3,63123,9537,58598,12244,39364,39984,73181
2017,5,4,49545,19689,53611,40893,36366,29271,86170
2017,5,5,37147,85573,24348,33819,49357,25211,68998
2017,5,6,32406,64615,3143,84318,22748,4870,53917
2017,5,7,37510,27289,94296,16984,53178,2893,29228
2017,5,8,92541,9229,2408,42086,45269,22370,49330
2017,5,9,97986,67993,41851,35133,69917,16198,55303
2017,5,10,19274,57760,44300,68031,22374,13795,18700
2017,5,11,45121,68664,32617,82631,12304,43264,19614
2017,5,12,65481,12508,45193,74374,21736,47600,86459
2017,5,13,83357,19970,32140,81342,4314,23991,6474
2017,5,14,74230,56540,18129,9855,14300,12428,34237
2017,5,15,36673,26222,62937,98146,11237,45553,40776
2017,5,16,39893,38816,96741,5373,51323,41934,79746
2017,5,17,89411,5885,12556,72767,42206,44696,30460
2017,5,18,46519,35038,3286,37101,91577,21414,76955
2017,5,19,22228,193,41192,75253,42767,4128,3398
2017,5,20,70355,99680,54173,10247,54847,17265,65620
2017,5,21,6169,25550,11717,95579,31435,24273,74697
2017,5,22,89992,85320,71509,52863,20357,41146,39963
2017,5,23,28285,28911,36917,66865,45455,28108,22117
2017,5,24,88221,98587,15514,74928,14618,36038,15174
2017,5,25,69464,53302,17145,75633,95204,45214,67563
2017,5,26,42990,69486,88612,32981,71157,26472,85843
2017,5,27,7865,67617,75805,52501,96527,12722,49365
2017,5,28,41981,7181,61481,46554,5768,26994,81481
2017,5,29,20385,63031,23006,6201,32685,6503,78185
2017,5,30,27888,1716,85747,70877,87553,40710,60209
2017,5,31,58709,67181,6052,82925,51149,48208,15425
2017,6,1,64027,10929,54790,22360,34462,16270,88913
2017,6,2,56581,9616,6745,93317,72646,46102,9517
2017,6,3,21682,2604,97701,65921,4319,49800,86797
2017,6,4,91871,6861,73358,66931,74042,29409,89855
2017,6,5,41542,77616,85280,5569,4897,6421,17928
2017,6,6,55710,72690,13192,12290,98657,36288,85606
2017,6,7,87655,98741,21475,9336,1345,19175,55257
2017,6,8,22015,35326,28405,13886,42187,1762,37168
2017,6,9,32580,97522,47023,90473,75138,48654,56041
2017,6,10,96386,5074,40320,52095,94115,19863,44384
2017,6,11,92772,6150,86341,80426,4891,7815,86113
2017,6,12,22587,43342,81369,44601,95019,26126,14838
2017,6,13,53557,27887,72006,86136,41761,35380,12961
2017,6,14,33250,84033,89001,29635,5458,45673,28081
2017,6,15,15924,15535,78816,25047,38037,15156,31824
2017,6,16,59279,89323,27937,81865,32664,25657,2817
2017,6,17,44034,51782,17655,97591,96021,6012,50078
2017,6,18,37781,41391,93038,87382,41775,48391,37016
2017,6,19,47232,44063,31448,79507,59597,10263,74554
2017,6,20,13985,91770,26377,73263,81092,4313,21479
2017,6,21,30107,96322,14296,74141,48103,48302,38083
2017,6,22,60475,54313,88160,14607,12055,31198,41988
2017,6,23,53829,95940,35355,17412,40002,16802,3270
2017,6,24,15950,77064,17823,29935,68834,44200,19549
2017,6,25,66277,14864,91028,96384,11185,21675,6876
2017,6,26,75640,69976,74958,52466,24288,13117,7073
2017,6,27,52694,60666,69060,22874,56605,20767,40285
2017,6,28,12958,87568,69906,28908,80984,37729,65194
2017,6,29,66169,48280,94742,32445,79495,2121,35180
2017,6,30,90680,23795,32055,82671,93770,23364,15136
2017,7,1,34409,2833,18560,3454,63498,3972,76327
2017,7,2,36455,24738,82963,49412,12305,2869,54671
2017,7,3,9640,40597,69864,75808,5228,30958,34605
2017,7,4,84722,99430,69784,75401,23225,18191,84423
2017,7,5,33346,57906,25911,84107,60738,44470,77560
2017,7,6,24236,48441,13887,77042,73178,46849,76453
2017,7,7,1835,49717,37476,11474,6665,7339,53634
2017,7,8,11892,4648,28238,96614,20430,14373,8366
2017,7,9,43654,32563,79141,93351,90469,5051,47457
2017,7,10,51206,65872,65017,91793,14313,28903,68834
2017,7,11,3842,92103,11639,22028,58172,49114,59854
2017,7,12,64836,72804,53487,93080,93804,31724,59693
2017,7,13,14233,96096,94410,74238,45011,23550,37588
2017,7,14,51831,94952,45045,19388,60824,26413,7533
2017,7,15,91488,5315,12718,95329,13769,24356,77357
2017,7,16,71940,89821,67210,53128,78977,37048,6207
2017,7,17,72780,18771,52251,87012,31218,46660,47601
2017,7,18,92580,36562,45188,44410,31513,6584,10150
2017,7,19,92336,32996,7682,83823,54662,20399,25504
2017,7,20,68431,61107,29212,56722,67279,12773,79849
2017,7,21,46255,49820,56055,35386,84942,24657,78749
2017,7,22,32511,87669,16349,25091,24230,11537,25852
2017,7,23,72094,68120,66001,80782,1116,40034,70956
2017,7,24,55777,26785,76459,40559,4243,22022,37281
2017,7,25,71521,34794,7129,34128,84613,29536,79513
2017,7,26,85906,4192,8262,18417,8212,24610,53507
2017,7,27,32441,2498,29358,20887,86970,11711,31668
2017,7,28,4437,18096,82623,60213,44880,9082,77124
2017,7,29,49122,81103,14404,36995,32249,37884,51122
2017,7,30,33213,33771,40634,19119,37963,15247,27535
2017,7,31,62526,6209,97393,94967,8706,43102,5853
2017,8,1,95675,54812,33872,111,72908,16494,16676
2017,8,2,34139,91927,10151,83261,89382,24554,20255
2017,8,3,21630,78789,7728,54842,12560,48361,50312
2017,8,4,66874,13608,27846,29399,19816,25238,40717
2017,8,5,44873,68340,72921,56900,39503,6792,23362
2017,8,6,28762,39638,66389,62901,31564,26539,86161
2017,8,7,37297,17444,82767,58926,96233,40494,70120
2017,8,8,8792,55206,20431,75665,85165,14629,21415
2017,8,9,21332,89866,62132,66205,74557,35052,9456
2017,8,10,14060,58196,12817,42821,97833,29206,45721
2017,8,11,29396,72096,68233,83045,89540,17351,81970
2017,8,12,2124,57844,88441,27267,13050,8872,9283
2017,8,13,14566,89852,40697,35898,96069,2828,62102
2017,8,14,70626,54232,57909,1037,12427,20725,30209
2017,8,15,26611,66282,82282,72358,38378,514,25402
2017,8,16,44269,34217,13724,46392,92060,2164,70010
2017,8,17,21461,27387,9292,36027,17238,49988,61924
2017,8,18,13307,69168,90377,83932,23399,48285,51320
2017,8,19,52177,35361,61528,95139,1643,43809,67496
2017,8,20,56372,10675,22898,16992,61243,36621,59735
2017,8,21,53302,55136,69744,91115,82523,29035,73493
2017,8,22,99760,29022,15416,29418,98189,22144,39701
2017,8,23,37939,86780,31020,6467,22140,8900,1605
2017,8,24,40134,69060,69101,12857,96086,8350,76200
2017,8,25,57328,61322,25934,26982,16457,12029,38096
2017,8,26,15331,91063,61588,31443,36437,43355,10860
2017,8,27,50977,15498,90561,88916,18629,37932,81734
2017,8,28,57120,46831,13339,13606,32243,48791,86462
2017,8,29,28328,23492,89014,2008,1165,14947,28989
2017,8,30,17621,26976,47084,32952,34390,25023,44394
2017,8,31,70826,18377,41605,21803,50226,48517,27070
2017,9,1,68854,86449,55155,42325,49631,34845,85930
2017,9,2,81873,83635,98744,26553,23478,37757,18560
2017,9,3,24642,19055,57548,58615,46030,20983,41566
2017,9,4,96772,46005,72311,83949,64381,30267,22103
2017,9,5,30958,78784,49172,16163,65232,20679,78487
2017,9,6,31214,5523,30769,29439,5510,29512,25991
2017,9,7,28987,17268,84550,53629,36322,8449,42243
2017,9,8,98704,79431,20160,11827,41787,8822,5775
2017,9,9,22519,39088,17878,53476,34223,33401,65990
2017,9,10,15806,4079,44476,47020,9602,25244,6458
2017,9,11,15111,21107,32448,60449,38374,33349,40429
2017,9,12,91048,8149,59023,6103,3931,45534,77929
2017,9,13,45717,4355,30055,84587,59795,47932,18062
2017,9,14,10369,31333,24051,26175,51763,34878,33194
2017,9,15,77716,76474,49651,9178,97580,48450,89627
2017,9,16,52306,48150,55,59705,72650,25430,62159
2017,9,17,76580,70963,87,38648,91670,46493,3234
2017,9,18,51464,94425,77647,61832,42109,18049,48006
2017,9,19,10223,2926,77551,87939,95751,43553,17116
2017,9,20,9683,42002,83094,78340,6503,49501,18044
2017,9,21,95504,74930,20202,72083,45892,36640,27082
2017,9,22,37561,83132,50315,5376,93908,44313,73560
2017,9,23,36016,62361,87917,46239,81639,15468,50529
2017,9,24,77389,25372,47644,3423,83726,47090,1762
2017,9,25,90228,46590,19805,85732,21519,6358,14166
2017,9,26,83762,92997,17600,37675,92481,17914,33050
2017,9,27,86388,28579,42961,38756,90939,30878,41346
2017,9,28,72577,12697,68226,66318,38068,32221,16092
2017,9,29,38145,79310,67854,28373,25899,4010,30456
2017,9,30,63769,60368,20973,47531,69716,38572,75205
2017,10,1,78548,22838,44606,64936,51416,3919,10043
2017,10,2,58706,51148,37740,47635,63844,5965,13952
2017,10,3,18263,38185,43,56408,17495,34248,41132
2017,10,4,59745,88258,47939,23514,48625,18911,67396
2017,10,5,34692,23835,88952,13240,46672,33557,24527
2017,10,6,14439,37475,30921,73144,88622,18660,778
2017,10,7,68817,90976,34729,3432,45512,1124,36191
2017,10,8,79358,51723,93674,55455,39980,41612,48968
2017,10,9,4956,26874,66363,39648,50708,5314,19239
2017,10,10,13731,5222,63765,28169,59049,44685,71313
2017,10,11,64022,79696,22090,32839,87023,23171,12622
2017,10,12,32534,40646,45164,28244,92368,38837,3698
2017,10,13,48700,96800,79017,53655,23673,11731,89654
2017,10,14,90733,33396,78892,4463,38617,9008,22632
2017,10,15,14017,70044,50296,78039,49739,22385,7229
2017,10,16,53113,45555,79850,1999,2552,25013,80242
2017,10,17,94920,80201,30291,59971,77000,9307,43625
2017,10,18,17024,71037,39631,7756,4432,34874,58571
2017,10,19,59400,93882,77554,73417,63925,27849,41455
2017,10,20,30016,233,95035,83128,62140,24884,15126
2017,10,21,81043,16248,31719,75962,96448,12009,42284
2017,10,22,89799,71315,65909,6822,58703,21891,10930
2017,10,23,79486,56764,59500,38886,66997,3405,48654
2017,10,24,47274,81253,96460,93641,97837,41494,33120
2017,10,25,76328,82729,94598,57371,98976,26316,29684
2017,10,26,11775,4677,1968,17925,92343,34228,44746
2017,10,27,51046,6118,72027,46883,79233,47878,75768
2017,10,28,62582,1282,30773,9855,82534,27232,43495
2017,10,29,96723,18725,12966,73050,1453,7563,26772
2017,10,30,16780,50231,96456,28554,54907,14775,52830
2017,10,31,47249,15354,87576,14646,21471,25954,21529
2017,11,1,17055,23832,63648,79636,41465,44421,35842
2017,11,2,23999,38004,9336,37073,56729,22302,76474
2017,11,3,74533,46216,73246,7665,96446,36053,32570
2017,11,4,51352,17179,15400,14953,32532,19327,65950
2017,11,5,54002,95280,7478,87408,19111,37478,17044
2017,11,6,76928,98250,72885,926,36253,48573,64350
2017,11,7,9333,37226,80823,83866,83441,4068,31530
2017,11,8,96239,56472,44099,47590,73650,25850,78894
2017,11,9,6181,95176,24844,76534,90456,32321,83942
2017,11,10,25918,36150,47337,2845,34399,36573,60122
2017,11,11,70652,51497,74471,79984,88722,5294,20201
2017,11,12,88515,25713,71730,84753,82185,32181,8694
2017,11,13,55834,24382,27588,78367,19558,2431,74900
2017,11,14,10013,1103,35193,52282,37253,32529,35127
2017,11,15,71651,35454,75248,42302,86950,16071,88638
2017,11,16,75672,37716,18838,80538,63428,6920,45290
2017,11,17,61964,55452,30335,34150,79833,7922,42516
2017,11,18,99390,10352,83767,25754,11455,18960,28036
2017,11,19,65059,17840,33162,36709,53293,24761,5363
2017,11,20,40243,7183,50352,15914,44898,19189,12803
2017,11,21,24678,76108,94444,2993,47911,24778,17142
2017,11,22,27744,82700,66009,27133,9403,49776,69239
2017,11,23,37209,85087,47274,2267,2926,46787,85328
2017,11,24,56219,37899,67042,96461,45082,17393,58726
2017,11,25,6331,86581,41528,47360,79041,35971,50353
2017,11,26,26951,60748,3846,54694,59799,36207,68179
2017,11,27,69202,52334,67417,6410,37420,31042,58677
2017,11,28,40345,44180,80356,96563,82078,47397,49375
2017,11,29,43511,64789,38100,66194,51369,29627,33553
2017,11,30,30409,31949,80257,73712,9049,455,78405
2017,12,1,68847,86661,42935,38048,38994,26703,10810
2017,12,2,92765,57744,69486,33109,18275,49841,36024
2017,12,3,353,97237,55398,43863,62025,9850,40056
2017,12,4,29745,5828,39961,76506,37777,20217,50217
2017,12,5,46825,20671,94973,15671,23683,37908,80071
2017,12,6,62676,80962,30880,55440,55058,16717,74901
2017,12,7,73332,66557,67276,73684,80145,39025,83899
2017,12,8,58521,48874,60306,4617,54702,266,41122
2017,12,9,8830,36835,31338,55654,73857,42663,17676
2017,12,10,97540,80570,57746,76567,61531,4977,58359
2017,12,11,32940,21693,69611,6272,4601,36886,49955
2017,12,12,84745,75910,30205,59617,24784,40511,24234
2017,12,13,95837,7128,61707,4666,60314,9397,56671
2017,12,14,34171,52059,64346,31710,48980,38444,74628
2017,12,15,26862,43420,72986,59802,65113,42596,6073
2017,12,16,69713,95833,62379,70810,71743,42584,36778
2017,12,17,12878,99446,27363,8714,22925,39070,89731
2017,12,18,83239,98466,6401,17409,66876,20746,5470
2017,12,19,15855,9189,90097,42716,52609,29435,72517
2017,12,20,34073,38382,84941,3785,34215,13672,946
2017,12,21,5957,56255,37724,35186,72052,15086,13899
2017,12,22,94976,54155,89981,78214,68972,46381,31974
2017,12,23,35847,67126,77443,68053,92667,33892,50769
2017,12,24,61627,63326,29637,95699,18059,30930,65835
2017,12,25,52273,94601,6781,74581,67207,44504,19766
2017,12,26,39258,9589,70016,50585,80096,9996,55151
2017,12,27,49067,56376,57124,1266,39854,919,9318
2017,12,28,48872,51162,80086,10498,30839,26075,52548
2017,12,29,48897,57004,38382,1170,51604,45162,65750
2017,12,30,18810,6017,1868,74419,15606,21883,41355
2017,12,31,95701,31879,86505,61119,4606,9981,62384
2018,1,1,60811,27251,31702,9682,78412,28139,66531
2018,1,2,9250,70565,59078,74498,27568,13812,65667
2018,1,3,95523,75325,67769,30684,81342,35988,85102
2018,1,4,13299,57870,62809,25351,6100,49313,66469
2018,1,5,10706,25645,65205,71516,52895,13258,17550
2018,1,6,47658,57748,34080,56907,28313,9510,81405
2018,1,7,55880,39673,23423,67755,14997,7543,78438
2018,1,8,96338,93530,19892,9636,67752,32700,51338
2018,1,9,73851,48364,37807,908,74009,19363,12424
2018,1,10,43255,32620,86325,90913,90367,20404,44171
2018,1,11,18679,46265,11927,90911,85937,1702,68665
2018,1,12,934,59244,73454,13623,69126,43345,79611
2018,1,13,53229,92396,90948,27079,57112,45106,47987
2018,1,14,31120,64468,16762,90726,97087,3086,11638
2018,1,15,3806,39841,45809,22484,2458,7735,49746
2018,1,16,88394,9436,4762,5679,85032,28216,5654
2018,1,17,70509,87912,91616,23737,96660,32563,37167
2018,1,18,53771,44021,95153,1242,8488,28266,71967
2018,1,19,21927,47703,73605,25732,87544,35765,58215
2018,1,20,90001,93499,94313,94746,19287,49074,26777
2018,1,21,20670,93641,52430,7530,81553,44045,1266
2018,1,22,94564,42959,98432,48334,86979,9937,19575
2018,1,23,95467,54554,41541,17393,2257,31497,89476
2018,1,24,89800,67261,7690,96152,77112,2002,87249
2018,1,25,96398,17428,24025,33419,11068,42806,40948
2018,1,26,92620,53202,88565,3535,96161,3348,1868
2018,1,27,99491,13284,1442,11309,67838,9335,45053
2018,1,28,86446,90831,4528,76245,58092,28570,58748
2018,1,29,35203,46923,12348,47952,64350,2725,67722
2018,1,30,75418,45530,38669,84389,15084,27233,87924
2018,1,31,27596,30580,56143,27086,60216,7585,38395
2018,2,1,44405,33271,99799,30850,24101,4327,13446
2018,2,2,98544,32896,28545,50098,79818,40892,54401
2018,2,3,44168,93616,12122,35937,55498,17142,46677
2018,2,4,86933,94374,24600,14528,41306,30743,1613
2018,2,5,1521,54679,96359,62277,87949,46158,3126
2018,2,6,28401,16836,32923,43297,49731,11467,49746
2018,2,7,45900,18710,24147,6419,28678,2620,52355
2018,2,8,527,19762,79032,87459,14135,19983,71986
2018,2,9,71792,17077,59950,89664,71755,22661,31940
2018,2,10,76055,68818,61417,20808,2005,10691,70456
2018,2,11,51735,72157,90201,13986,7219,30699,20405
2018,2,12,35896,83319,79111,36422,19432,8142,33880
2018,2,13,49918,94477,42217,21710,11553,2166,51373
2018,2,14,99660,74826,79665,92066,59995,7433,19225
2018,2,15,61999,68124,9680,30085,56632,16233,44071
2018,2,16,63850,63283,80827,99745,46601,9937,32518
2018,2,17,82384,18079,76397,32302,28907,18613,74011
2018,2,18,40459,37131,81735,56470,11956,27751,18536
2018,2,19,88303,51536,94112,66653,19659,3792,16738
2018,2,20,92642,36376,57160,56492,99658,37986,12588
2018,2,21,62611,97922,25106,44994,32352,17854,67295
2018,2,22,61258,52819,47657,18069,6301,45744,64538
2018,2,23,34608,23494,39425,22910,75029,33537,39563
2018,2,24,11039,53680,2652,3681,6407,9811,6524
2018,2,25,6064,97796,65463,85026,12069,6920,36372
2018,2,26,44421,41126,23666,22030,10296,37675,40098
2018,2,27,16596,33418,30988,51203,73263,20412,74113
2018,2,28,64644,20300,80027,92034,90331,32678,32066
2018,3,1,96737,58840,4941,19153,72987,20404,44178
2018,3,2,85055,93675,50549,45827,34800,40567,57857
2018,3,3,45095,94593,7954,61690,44362,38941,62893
2018,3,4,17624,25705,3357,98619,62356,49735,80653
2018,3,5,52687,98764,19070,49423,57603,24011,44927
2018,3,6,30589,10766,89105,31995,4440,6005,17822
2018,3,7,39240,62923,45678,686,57515,3631,82376
2018,3,8,1876,8924,91620,35852,50980,11328,14470
2018,3,9,13335,11062,41474,66021,26177,26896,21796
2018,3,10,83779,906,16722,30719,28023,22178,59065
2018,3,11,32462,78183,56886,71701,41105,2563,78739
2018,3,12,14972,72546,51114,16847,97821,9085,82698
2018,3,13,48800,70412,3520,78486,97825,11345,50859
2018,3,14,40353,38240,92654,24131,55497,25727,51201
2018,3,15,83519,64257,50265,15981,58791,23503,64033
2018,3,16,16247,42417,92771,31218,14962,10236,4417
2018,3,17,29134,19320,17114,94285,6083,36985,52771
2018,3,18,20259,98330,33629,60611,52921,42634,31093
2018,3,19,8418,84712,72293,91936,48968,38910,4268
2018,3,20,7758,62412,28301,40357,4828,37423,31574
2018,3,21,36142,97659,35990,81627,33330,19456,65912
2018,3,22,39413,6440,48682,59671,21121,48662,46634
2018,3,23,74042,41295,37726,98811,42358,10019,67098
2018,3,24,91326,65280,31366,15435,27691,26018,12143
2018,3,25,48870,13440,43717,85011,27450,46058,46638
2018,3,26,60780,81865,58901,16544,88305,23934,6214
2018,3,27,25777,22595,29199,16170,80241,16925,64980
2018,3,28,22598,93295,22078,30275,58574,19795,12062
2018,3,29,86264,45812,34204,35133,59251,44272,36496
2018,3,30,3053,90330,19485,63832,72194,28385,76727
2018,3,31,76850,2318,89292,18979,41264,18491,5148
2018,4,1,21504,85415,66480,60453,78709,38557,47080
2018,4,2,37282,58351,69141,39897,20514,19696,51381
2018,4,3,96116,13968,44228,99168,20649,13712,69351
2018,4,4,9194,58448,76077,86044,60765,15369,31374
2018,4,5,18380,83859,56521,56235,69273,23000,66688
2018,4,6,64333,27908,23767,1614,2610,9259,87862
2018,4,7,23123,28954,49242,19239,59273,43470,54758
2018,4,8,79921,73533,14109,89115,31981,6537,1510
2018,4,9,9097,71905,12883,27477,72115,35755,63711
2018,4,10,57739,8755,16750,22071,53014,40516,53684
2018,4,11,71976,66126,97897,11450,95080,47139,17040
2018,4,12,70704,56960,81798,50625,30492,12258,79739
2018,4,13,62472,18794,47600,71569,7051,10482,85397
2018,4,14,79165,46236,99107,36904,71342,15857,18974
2018,4,15,40708,72724,99010,12683,38850,46906,80484
2018,4,16,50281,60396,87524,20984,17355,19321,87960
2018,4,17,64199,97930,44050,26670,16723,41649,34590
2018,4,18,40125,68482,29986,19290,31070,45445,42545
2018,4,19,2411,77653,31518,59470,50376,46879,68504
2018,4,20,5577,60137,28988,72209,20532,16511,63193
2018,4,21,54239,2183,97504,18437,16464,41554,1458
2018,4,22,49538,49554,76048,89663,18036,22385,88952
2018,4,23,49105,84181,81496,67867,61833,29365,67337
2018,4,24,12209,92596,32192,34137,52732,11179,6346
2018,4,25,89615,94041,15890,60205,12575,13393,4993
2018,4,26,29038,71298,56451,78576,20852,48850,48238
2018,4,27,55239,87586,93541,4343,71767,41388,18561
2018,4,28,33599,20752,32249,62159,29699,14441,16296
2018,4,29,98782,41971,18993,4749,36012,34882,74953
2018,4,30,48586,48274,59946,93976,35924,32748,82551
2018,5,1,56775,97949,57140,12013,85534,680,82707
2018,5,2,73652,42067,21267,23603,79170,19868,42113
2018,5,3,8869,34308,98408,24002,76278,17400,38750
2018,5,4,28641,68633,93703,77227,16907,20000,17554
2018,5,5,52830,19099,60104,25956,17047,17243,64320
2018,5,6,18932,84274,87026,8936,42692,24644,72538
2018,5,7,21861,94511,34650,47081,28818,49410,41083
2018,5,8,21448,83161,99832,50088,51794,9886,3666
2018,5,9,85052,96237,31219,54233,15335,7674,80188
2018,5,10,48733,24916,34507,84017,25541,37884,62952
2018,5,11,68232,62527,41841,90093,73390,26490,73525
2018,5,12,2207,42251,40959,40006,25412,7143,30094
2018,5,13,77205,67028,50111,62256,79617,31330,2840
2018,5,14,94951,89003,13027,60036,30271,13885,84052
2018,5,15,55811,1768,37003,24043,80646,28843,20487
2018,5,16,54035,71684,363,72594,13935,41322,42599
2018,5,17,55698,98464,19044,49254,81843,19155,77861
2018,5,18,77811,66836,60700,89114,72190,23726,39149
2018,5,19,2460,53962,93200,74623,72081,46554,5017
2018,5,20,52726,41748,61855,6761,29783,12217,49354
2018,5,21,43717,19890,8304,15766,34705,43700,5019
2018,5,22,16548,12854,92879,94358,96041,19930,23471
2018,5,23,68230,43655,48971,87042,13968,8522,8016
2018,5,24,86048,21427,93032,38774,63174,21238,31886
2018,5,25,92957,33454,57591,53025,69696,15894,58791
2018,5,26,4400,9593,50161,20947,38798,9392,81657
2018,5,27,34838,29321,31479,19420,89328,46802,22813
2018,5,28,3295,55323,828,89343,76750,10211,74468
2018,5,29,39923,81448,6353,49231,31253,13943,58608
2018,5,30,948,46188,87398,5348,72133,3910,42646
2018,5,31,10930,13301,74302,62120,42622,22133,7891
2018,6,1,31949,18934,20703,51595,90608,21530,20937
2018,6,2,67357,31740,1756,23632,29539,8108,79214
2018,6,3,60791,88402,7821,61739,34590,45218,27086
2018,6,4,23074,65480,26083,50355,78780,16737,52474
2018,6,5,37753,38869,26716,86053,74154,47418,47648
2018,6,6,64761,85299,94936,48470,33390,46692,82101
2018,6,7,62928,21151,61314,23719,9553,35487,31809
2018,6,8,60494,80704,85246,83567,62535,11328,53921
2018,6,9,57667,28064,62747,95419,83284,39462,77824
2018,6,10,73789,53232,51823,38550,54882,46758,53371
2018,6,11,88272,59801,91823,67551,80952,19488,17621
2018,6,12,6856,54974,25781,67349,52030,11026,57267
2018,6,13,14564,38706,1187,72230,83121,13933,4001
2018,6,14,66405,69747,81824,56545,39330,33646,45094
2018,6,15,94211,96755,14816,98834,56556,6638,2737
2018,6,16,53859,76126,90357,60714,31099,32490,84414
2018,6,17,83128,43515,11680,97692,98572,29218,56273
2018,6,18,81693,9503,70273,64449,79249,18448,80993
2018,6,19,34930,18445,32439,29140,31552,47254,74326
2018,6,20,4459,53892,27062,58317,46369,33770,35382
2018,6,21,77467,66259,96147,76947,26126,7826,50990
2018,6,22,24697,53395,77262,22741,62897,13887,17189
2018,6,23,42145,48686,24534,77074,67131,6972,82566
2018,6,24,15034,20577,83243,19492,90820,10304,64160
2018,6,25,37188,60425,29541,31007,43036,42039,87953
2018,6,26,85513,49864,98942,10209,19610,42555,29302
2018,6,27,82507,56441,36490,24651,21479,27375,48077
2018,6,28,88609,34346,56994,19994,71275,40236,69485
2018,6,29,62094,66891,33644,15634,43667,29536,16640
2018,6,30,86702,21574,70944,72214,87789,36237,78775
2018,7,1,7398,78791,48076,89904,51584,917,60907
2018,7,2,73062,78292,48983,78022,28989,22328,18015
2018,7,3,263,62563,37499,62357,45805,21142,44342
2018,7,4,89471,50677,40981,76173,72250,28276,4738
2018,7,5,76390,14512,63512,83787,93302,27939,3691
2018,7,6,44885,28856,4597,17946,23499,19931,5967
2018,7,7,52487,92258,10333,52750,71172,47831,71458
2018,7,8,16976,35324,25799,6446,2352,33131,8970
2018,7,9,90953,11406,80060,67342,25917,43571,41129
2018,7,10,35570,87862,24819,80455,16717,45767,24752
2018,7,11,40215,15697,27071,9053,24306,37403,1802
2018,7,12,95477,1586,9611,12452,36909,1761,15249
2018,7,13,39261,51243,50571,30213,62648,30630,17555
2018,7,14,4916,90552,65035,40486,78413,39853,940
2018,7,15,11481,51971,52043,68047,67667,29113,37100
2018,7,16,91972,32868,55253,3800,34453,14864,72603
2018,7,17,71361,32976,67851,26973,84219,34773,17186
2018,7,18,63218,81754,71092,68134,72306,36126,38619
2018,7,19,67070,42330,45910,78551,94300,47952,46597
2018,7,20,78318,93417,23696,86641,26284,45301,30440
2018,7,21,60736,60164,23042,32096,9491,7244,45421
2018,7,22,93709,58369,32606,56927,40122,20049,1412
2018,7,23,28779,72526,50030,95849,31207,12291,40751
2018,7,24,41858,10242,37347,20175,20010,27395,16815
2018,7,25,46293,72695,13606,7028,49210,36647,65476
2018,7,26,58700,60242,30896,68761,18610,29853,12039
2018,7,27,75084,16253,99802,3862,88778,49831,49710
2018,7,28,36336,78473,90460,78193,88714,44159,8367
2018,7,29,25076,21553,21533,71368,10599,1490,34748
2018,7,30,59808,4488,50223,34859,64729,47470,9971
2018,7,31,99691,93674,78361,74774,9926,28162,78635
2018,8,1,15055,44344,94697,51390,22816,35156,39582
2018,8,2,27882,29314,44300,52957,67218,32184,44324
2018,8,3,77816,33673,19071,53975,38160,35645,45186
2018,8,4,2888,83114,41508,18930,93139,36221,23703
2018,8,5,3064,14382,88690,34470,58726,33386,85859
2018,8,6,97893,68541,31792,25774,14207,42443,85082
2018,8,7,97776,74626,19406,91944,8298,4828,12270
2018,8,8,46457,56825,67455,65697,56290,25315,14626
2018,8,9,49429,61535,94681,68844,92268,33370,43314
2018,8,10,50993,66755,5524,65238,51647,37316,77363
2018,8,11,82205,46110,2445,79981,20736,38202,81924
2018,8,12,29033,93029,50545,91842,66205,18000,53890
2018,8,13,22495,59666,74867,71923,21200,19547,40766
2018,8,14,13467,69268,44079,80812,52374,15955,2401
2018,8,15,4021,19622,69763,2577,65731,22207,2557
2018,8,16,86466,10408,70832,31851,19789,21377,40044
2018,8,17,85993,55728,13933,8487,15393,38799,86761
2018,8,18,52944,58346,37527,82762,43965,47957,69925
2018,8,19,96339,63911,42325,359,83532,12088,12935
2018,8,20,65615,646,1844,52080,11054,22675,10282
2018,8,21,47194,10403,40325,33186,66130,4257,78025
2018,8,22,97874,43056,54785,67169,17753,8663,46283
2018,8,23,61717,6620,46207,58055,86882,4884,34765
2018,8,24,70414,33323,94052,36028,33968,45895,84459
2018,8,25,45021,84921,4741,92214,11676,11417,51752
2018,8,26,94157,15674,16128,92031,75081,20912,45551
2018,8,27,9185,95927,41833,87253,2546,4392,85308
2018,8,28,89427,25627,36424,76192,58949,30475,8571
2018,8,29,92916,42721,49382,54289,27642,20474,86502
2018,8,30,55669,31890,4605,49825,47563,37084,78207
2018,8,31,38995,7996,33758,48179,20274,41942,55432
2018,9,1,39171,12685,97091,28597,38311,33514,61141
2018,9,2,13611,80341,66063,6527,23061,15444,80815
2018,9,3,67054,2269,23668,22722,34159,44625,2547
2018,9,4,98073,81708,30753,53420,6055,30862,31598
2018,9,5,26328,89156,53381,65498,1840,16823,70447
2018,9,6,56503,16689,47939,70113,97029,14001,62991
2018,9,7,36441,45797,53805,19847,48065,43825,32568
2018,9,8,98575,38449,31466,96648,20156,28571,80067
2018,9,9,26211,75784,68016,68890,64939,37749,74388
2018,9,10,83131,4571,61186,39633,21259,9124,56097
2018,9,11,34639,39476,19088,87432,85272,22892,47278
2018,9,12,49689,66716,66197,64615,21516,47663,7614
2018,9,13,41672,92585,27680,84234,68368,12048,43123
2018,9,14,33307,49796,3862,16437,70718,15047,12421
2018,9,15,8329,90522,98517,42967,29998,17604,30398
2018,9,16,31621,6848,54027,81309,89915,20224,62276
2018,9,17,11431,34238,39889,69454,26822,33921,60039
2018,9,18,95189,95968,39513,44847,62115,43375,67635
2018,9,19,49184,24773,50055,57512,15295,14924,36831
2018,9,20,61644,98879,63580,93264,5726,17607,20925
2018,9,21,11993,54182,53200,39775,88419,43088,49228
2018,9,22,31592,77008,95618,43132,89327,35130,17979
2018,9,23,67793,94856,65613,16977,19629,32020,14488
2018,9,24,51275,96943,7670,29270,12173,21250,42533
2018,9,25,17899,5208,13457,46243,59389,33008,46017
2018,9,26,47807,92448,95244,79398,69455,7213,12529
2018,9,27,75134,42342,26859,42926,37198,8824,59902
2018,9,28,73178,40843,50742,40804,54137,8411,30073
2018,9,29,66309,46012,92605,559,51219,22414,46801
2018,9,30,10607,21773,49169,74765,14220,44412,4162
2018,10,1,83675,67976,93043,75160,10318,19901,38085
2018,10,2,47515,45076,94339,37044,2270,45080,77847
2018,10,3,72758,19842,64271,55419,65854,23227,55977
2018,10,4,17072,95640,19130,44031,17413,18298,88795
2018,10,5,47984,29062,89309,31658,97037,32351,53169
2018,10,6,23706,18603,41254,71220,80031,35592,24615
2018,10,7,82300,97023,18813,55058,16864,33083,476
2018,10,8,99069,56310,82804,16141,68301,18285,36523
2018,10,9,2065,86583,95317,50049,31996,34625,38058
2018,10,10,45384,83327,21227,69090,18282,28832,46661
2018,10,11,98312,30775,81276,80611,27797,16440,2020
2018,10,12,61012,99523,62495,60081,72184,11651,32573
2018,10,13,56836,79935,69095,75253,82869,30763,1653
2018,10,14,14864,65388,56062,60248,65066,43640,19337
2018,10,15,83347,72471,2349,98010,19597,33624,58621
2018,10,16,47393,64,46992,24757,15938,25839,84837
2018,10,17,4473,87489,93761,77660,83775,29207,72912
2018,10,18,66644,59969,10916,81507,41708,33330,88106
2018,10,19,6774,76969,3794,90120,65792,6143,14482
2018,10,20,85388,6118,83102,49133,22533,46445,23889
2018,10,21,54822,72283,75077,59294,59771,35189,76954
2018,10,22,43546,64395,6217,26541,24363,33485,4399
2018,10,23,66071,16814,82505,72844,10134,2650,39315
2018,10,24,75925,25144,83796,77665,47614,33249,3149
2018,10,25,70146,46046,33389,24968,18328,24817,10613
2018,10,26,94451,10005,53918,54348,74399,26487,70888
2018,10,27,15113,9971,5286,97535,43136,4142,10378
2018,10,28,53269,23144,66045,45546,48287,16192,53210
2018,10,29,95900,65793,82710,82398,28190,16098,63717
2018,10,30,46517,40914,24329,57319,67270,28247,11666
2018,10,31,41668,54733,8905,73132,81055,14191,10667
2018,11,1,24190,34684,57396,77458,57827,39792,69355
2018,11,2,6114,22336,78916,18365,88128,11625,30762
2018,11,3,32669,94074,24478,79185,34987,48807,66504
2018,11,4,2256,43405,64521,60275,14489,23426,63407
2018,11,5,11895,3968,20425,36084,38651,27820,49893
2018,11,6,96478,17612,85600,18943,39947,14515,27307
2018,11,7,44426,26140,38069,77094,20213,28898,32630
2018,11,8,71552,44056,9133,90159,87460,40006,80434
2018,11,9,18300,63431,192,46546,67398,20616,48981
2018,11,10,6048,14787,28874,18877,32398,14473,37819
2018,11,11,88696,95339,75126,33121,21478,29546,60214
2018,11,12,58043,8443,82844,45946,52499,8328,76104
2018,11,13,56310,14685,2889,90962,78115,19432,7507
2018,11,14,61864,56399,36488,67912,71186,31713,33140
2018,11,15,3583,12537,40959,92279,7875,16084,21751
2018,11,16,45705,61981,68317,3747,70423,17512,79692
2018,11,17,39273,75839,85795,11935,6876,5036,52896
2018,11,18,84990,24467,56754,46854,80866,43241,41117
2018,11,19,52051,91305,34256,71985,3841,25214,20615
2018,11,20,11716,7649,22366,57420,69629,40682,37518
2018,11,21,56404,58193,43561,12028,50383,29355,53962
2018,11,22,57258,50742,43209,58600,75209,49963,35453
2018,11,23,72426,9555,52921,24476,860,37176,22812
2018,11,24,21052,78742,93427,49119,2742,15792,26538
2018,11,25,88723,6473,407,45126,81017,43967,33505
2018,11,26,31399,89674,97467,5009,40415,40675,43608
2018,11,27,31975,56989,85412,4400,66544,38332,25227
2018,11,28,67403,41859,58039,4806,20600,1465,53925
2018,11,29,39694,83608,76814,28416,6432,27221,39893
2018,11,30,87448,37539,63397,35198,27212,10863,10206
2018,12,1,83979,17890,20165,15953,74878,5576,16705
2018,12,2,41421,60259,81931,25175,2118,39969,39981
2018,12,3,22717,7785,257,78762,91392,27070,17177
2018,12,4,97823,54290,97069,1622,91829,10466,66820
2018,12,5,35392,37680,93377,19370,55569,13542,25323
2018,12,6,46799,35469,88379,88219,95728,20309,59746
2018,12,7,97845,26630,76078,36913,50766,26334,75675
2018,12,8,58510,69755,22851,56332,24045,36272,34306
2018,12,9,32225,96737,11125,67616,34416,20853,3338
2018,12,10,6337,50746,55012,53135,86215,43390,77705
2018,12,11,98294,13698,3802,96138,56679,46231,59402
2018,12,12,7445,72564,65076,65954,58671,4279,78637
2018,12,13,82715,56902,12942,31291,53638,40418,45258
2018,12,14,4405,61271,18595,27093,28368,23606,227
2018,12,15,14582,16995,54284,12875,47045,8085,55364
2018,12,16,3723,54316,74766,27519,43231,6193,9824
2018,12,17,1901,76823,64813,967,33724,27754,32257
2018,12,18,3713,34524,47515,8118,12146,16109,1562
2018,12,19,40513,56067,31789,71447,73061,36072,673
2018,12,20,36457,60508,26037,56532,14823,17154,50402
2018,12,21,74406,89698,10226,76306,82873,25038,7273
2018,12,22,16596,69143,25881,36661,20018,39747,81130
2018,12,23,32163,72208,12691,89028,28274,44479,80474
2018,12,24,17686,46902,77498,54143,7410,3534,7026
2018,12,25,38584,37039,27427,12989,43089,37652,89295
2018,12,26,25961,29041,82919,58908,98184,25151,55568
2018,12,27,18201,14898,56697,66716,87105,35740,15743
2018,12,28,31730,30218,32568,49415,93472,10065,89909
2018,12,29,17233,29951,46934,55816,83341,24361,68805
2018,12,30,26429,28364,74451,68741,57405,23721,67649
2018,12,31,71940,15223,39568,90140,30120,46265,43207
2019,1,1,33576,82004,45301,81657,28573,44220,71072
2019,1,2,38396,20637,67332,55628,50587,14266,21444
2019,1,3,50279,4978,96600,93060,33341,21050,71800
2019,1,4,90745,61122,89448,62684,76344,29016,19176
2019,1,5,22816,41632,58734,72743,39987,4035,74400
2019,1,6,84911,98254,1823,23307,18890,19154,75286
2019,1,7,85828,99771,6729,52459,4748,19680,55518
2019,1,8,54441,90729,7317,61537,68202,13117,70573
2019,1,9,44546,58484,9748,83713,16467,34833,16455
2019,1,10,56453,88867,10854,57715,3473,29028,57373
2019,1,11,38714,98182,92659,24542,14304,15739,87000
2019,1,12,35404,35419,38869,89844,42499,46185,61380
2019,1,13,10701,75653,8304,71598,50488,18051,35310
2019,1,14,66954,19236,11764,39758,8102,38970,67473
2019,1,15,27926,67997,94845,66640,82530,3855,1181
2019,1,16,96834,19594,84532,32237,55012,23400,48432
2019,1,17,97510,85936,6163,24562,61589,14467,6159
2019,1,18,12076,48869,51468,95382,68104,29584,25139
2019,1,19,92558,18553,48963,20483,86549,10160,37122
2019,1,20,69079,64014,94654,82264,83607,29185,74500
2019,1,21,38618,18936,69283,52480,4872,25445,57041
2019,1,22,82812,89911,89552,11239,38780,41019,56620
2019,1,23,6883,36954,58111,99440,55506,7073,79923
2019,1,24,58407,67232,7044,43837,31246,18050,26100
2019,1,25,31204,97234,56951,86174,32522,26233,65005
2019,1,26,37393,1677,32045,20204,91588,21596,87794
2019,1,27,30367,78967,54414,53601,15920,12524,33041
2019,1,28,87778,35948,89315,46184,19532,46358,20
2019,1,29,67129,30759,32471,98332,27993,5773,60857
2019,1,30,76866,32005,55861,14258,50033,37906,10813
2019,1,31,57972,25853,98606,4690,21171,19371,38291
2019,2,1,53443,81894,11331,41220,34194,16997,3755
2019,2,2,53725,13354,10126,20853,60465,42596,15536
2019,2,3,4809,64720,36393,81674,96724,42253,15931
2019,2,4,63108,96510,63095,21080,38715,11700,35769
2019,2,5,76237,31071,411,29679,29316,28093,47250
2019,2,6,63509,45089,91004,33585,74795,17481,70789
2019,2,7,35259,76428,22677,40067,41147,9069,11740
2019,2,8,37870,67673,34022,17330,64183,47116,78409
2019,2,9,19249,58815,80529,95485,6237,47292,5164
2019,2,10,35553,25384,28765,15413,70473,19769,55350
2019,2,11,61619,53601,36138,96877,30029,8814,86943
2019,2,12,71175,34234,75034,25397,1907,9055,72726
2019,2,13,82441,6170,97486,1689,81336,28014,43525
2019,2,14,87573,91657,55040,39477,17041,33805,41241
2019,2,15,3865,19925,36590,65483,73525,39080,62359
2019,2,16,3553,64245,15653,74728,98479,40686,46476
2019,2,17,16737,16092,59201,15529,38613,6686,43569
2019,2,18,19948,51051,47093,23872,42708,2133,83348
2019,2,19,76100,85937,50941,79964,22213,37530,35446
2019,2,20,95737,92961,24156,15642,57206,6160,76721
2019,2,21,72036,63197,23196,5124,79288,32396,80652
2019,2,22,17900,55433,54220,54199,22835,1312,38071
2019,2,23,81894,19796,57770,57993,22084,8710,14308
2019,2,24,44296,12592,99753,40033,5552,40260,52026
2019,2,25,79109,96419,78746,67496,59615,1941,42619
2019,2,26,38902,688,9622,73153,72472,30193,27352
2019,2,27,11658,81505,21774,93552,17652,29543,77896
2019,2,28,39736,88253,22204,84031,17196,38308,10415
2019,3,1,39099,78568,12440,34560,74986,41185,82055
2019,3,2,50953,9477,91026,6206,26516,16999,49359
2019,3,3,98987,97192,23062,10645,95048,44835,40548
2019,3,4,12699,24377,88443,52434,28981,10646,26465
2019,3,5,46176,65306,93231,1627,43873,5671,36186
2019,3,6,35210,13207,54592,2514,22684,11969,68720
2019,3,7,49199,78968,4430,64538,76159,27491,1534
2019,3,8,71206,72325,12081,256,13053,16875,19042
2019,3,9,42034,43873,5506,4561,9178,15088,12539
2019,3,10,69402,20758,58724,4611,33965,13316,33477
2019,3,11,73000,75284,32196,38550,70603,36625,23087
2019,3,12,46761,64115,10972,34318,52791,23052,926
2019,3,13,65843,39927,19967,24228,151,41824,15141
2019,3,14,9328,56911,67679,78729,94021,42755,79691
2019,3,15,27985,72422,23167,17336,64057,5362,85885
2019,3,16,34660,8338,75324,97772,88804,36295,68442
2019,3,17,41594,25699,99367,23789,65625,19333,4368
2019,3,18,82127,61156,9508,91454,34418,43539,70182
2019,3,19,28438,36293,86224,72774,25066,9391,50109
2019,3,20,89122,81104,62346,23781,89442,37669,11553
2019,3,21,78245,40315,69994,36191,66013,35712,89979
2019,3,22,47989,21396,24346,30115,82551,206,11568
2019,3,23,33320,43744,8101,61758,96388,44325,84531
2019,3,24,21453,3715,40992,10574,1170,3337,30707
2019,3,25,90611,57357,88611,85208,97671,24956,21398
2019,3,26,80036,60667,81376,28024,82062,22073,58139
2019,3,27,80964,88630,96058,30635,48725,4159,32392
2019,3,28,45112,14835,43275,82916,34901,618,69842
2019,3,29,36070,20306,76900,26681,77662,15510,31888
2019,3,30,91684,40465,49637,71719,17483,31012,86095
2019,3,31,15896,69436,74233,13211,58066,20290,43845
2019,4,1,23142,90800,36237,84606,5634,45863,57521
2019,4,2,56886,96480,93714,92956,16785,20613,35988
2019,4,3,10798,52474,64227,18833,92938,13863,70552
2019,4,4,26772,61226,6646,42667,30661,47230,32229
2019,4,5,5078,83871,16074,28220,91023,2310,12825
2019,4,6,13008,64524,96697,69894,77355,40411,79201
2019,4,7,94139,77375,15188,21288,29849,29414,80120
2019,4,8,39138,9628,47023,65910,70853,20020,54928
2019,4,9,17865,83601,97157,39295,67472,13230,83866
2019,4,10,74846,81891,13042,87853,62766,9738,47746
2019,4,11,40120,16500,36946,50610,10227,18485,1897
2019,4,12,40075,64250,28368,79212,73877,25391,11473
2019,4,13,61081,61762,2753,78946,45363,16261,74592
2019,4,14,29186,45842,18457,4031,44084,31498,51883
2019,4,15,6849,57587,65981,46968,90439,19278,27577
2019,4,16,665,87763,85825,40739,68364,14192,56302
2019,4,17,42241,5934,14127,3321,67696,33231,58618
2019,4,18,29410,49491,33209,58595,95332,18017,28977
2019,4,19,55767,99514,87211,62615,73453,3191,89582
2019,4,20,63891,88821,23510,64555,76583,9334,81645
2019,4,21,44946,23525,74298,3538,45811,38424,63211
2019,4,22,13506,21654,38180,59267,87496,37741,44213
2019,4,23,99179,55757,13189,54945,71623,399,57559
2019,4,24,45075,69942,43492,25317,58762,33353,36223
2019,4,25,51696,92686,27867,12993,32563,2164,76531
2019,4,26,78373,6940,56093,8230,28593,44272,53848
2019,4,27,16089,82012,18060,15267,54121,31248,26564
2019,4,28,25743,47998,4122,87169,17939,13966,48837
2019,4,29,93052,47318,35059,44747,56356,12925,87740
2019,4,30,88918,81440,74270,83642,88379,46714,18223
2019,5,1,33324,40985,92070,65764,39349,10129,7382
2019,5,2,93469,57728,83945,35563,5725,4419,89083
2019,5,3,40016,84736,67919,33067,32053,2977,14166
2019,5,4,88408,82253,51905,93677,80044,42526,53670
2019,5,5,84775,89239,1892,34450,46575,43961,70213
2019,5,6,85923,20441,13946,95743,78168,14243,1305
2019,5,7,245,35013,70387,56612,19748,4657,76030
2019,5,8,68152,57633,195,72912,56237,18451,2940
2019,5,9,36281,10976,76610,21055,16566,28501,5504
2019,5,10,63141,88814,72068,65415,9254,2365,81158
2019,5,11,3774,16607,8814,20370,67971,45553,86981
2019,5,12,87718,50209,83010,55870,24194,49557,35133
2019,5,13,80430,68007,28072,33062,95335,4681,80468
2019,5,14,11900,99534,42323,91392,88347,30742,26807
2019,5,15,13952,33107,34316,34077,66065,43129,84446
2019,5,16,34036,55033,31426,38105,21594,30788,10326
2019,5,17,45787,46696,55458,42568,31054,33530,71982
2019,5,18,26388,4562,62449,38288,4095,4772,86031
2019,5,19,8793,35513,2837,39097,84971,3504,33173
2019,5,20,51036,96633,27619,1423,68017,25396,29527
2019,5,21,89610,22535,49853,51748,69230,5310,30668
2019,5,22,284,5191,2649,43023,9753,31449,67662
2019,5,23,13847,86220,43693,38992,38085,46529,68088
2019,5,24,39407,33,51260,90442,13017,45230,78216
2019,5,25,97385,70626,47743,86995,93160,13947,75094
2019,5,26,78742,19256,65761,95377,40799,34761,78399
2019,5,27,50551,66210,36061,80749,68781,29753,29740
2019,5,28,23217,42633,97827,62624,59017,15439,89417
2019,5,29,72033,60668,77633,85770,31293,41727,69116
2019,5,30,40805,55673,44209,19546,91280,26322,14922
2019,5,31,32078,11082,69672,98980,77291,5732,29729
2019,6,1,62424,1836,15820,85640,44469,13647,68263
2019,6,2,3485,79085,34032,91870,39752,28016,37639
2019,6,3,87397,69742,66754,28201,25414,27314,54098
2019,6,4,33045,53635,95371,65123,81069,15042,54102
2019,6,5,74711,87126,60182,37134,88961,26002,29126
2019,6,6,33429,6000,3740,53266,1436,37771,85135
2019,6,7,41187,65786,39125,44935,35527,22230,33135
2019,6,8,77292,49543,53584,10337,19530,48954,41811
2019,6,9,598,30348,72264,91660,33825,48798,18794
2019,6,10,22785,24799,67919,72566,47150,21658,85831
2019,6,11,48585,25781,87317,6123,91566,42793,41058
2019,6,12,43445,65022,40544,37088,30916,44128,37424
2019,6,13,50445,59433,55586,67394,6132,27850,55406
2019,6,14,39956,76647,20551,79093,17797,38469,21658
2019,6,15,64946,76478,93840,13530,18610,47508,49652
2019,6,16,26528,40300,87061,69972,5321,27605,27059
2019,6,17,52588,38084,70835,19385,97516,42772,53130
2019,6,18,20000,86973,78535,59955,63619,49085,55399
2019,6,19,97767,3905,7056,62712,96735,895,2593
2019,6,20,15344,98402,28597,41871,55053,15657,8194
2019,6,21,76725,43261,51605,29313,97696,38791,8697
2019,6,22,95212,81562,68178,31563,68535,46713,77869
2019,6,23,48505,62149,63268,46272,66054,20323,65335
2019,6,24,79140,87570,17928,94483,2323,12876,82706
2019,6,25,57376,94884,80899,34100,54497,32503,69764
2019,6,26,52192,71293,44812,63755,69207,12990,85317
2019,6,27,37741,76054,3186,86245,38202,16453,58868
2019,6,28,20607,53127,74203,16098,57048,8482,80581
2019,6,29,59371,87709,63286,33098,82592,10536,33549
2019,6,30,37088,93039,79665,89280,80683,24476,33034
2019,7,1,49889,53817,48351,3981,46222,17888,80226
2019,7,2,84424,34340,55445,21382,3818,29647,67480
2019,7,3,60866,54480,64412,36588,42188,44049,66037
2019,7,4,24780,4584,69585,61867,13974,49249,7498
2019,7,5,11009,90077,20532,77249,43893,35234,81230
2019,7,6,90115,53121,87807,90890,3812,43251,28623
2019,7,7,7629,89250,82454,84846,60081,13217,41433
2019,7,8,2269,7265,23821,43400,28201,43406,21618
2019,7,9,58526,59006,89116,69534,49082,25999,83135
2019,7,10,9327,11232,44364,15793,64352,48522,13034
2019,7,11,84515,91772,68008,92143,97373,462,73341
2019,7,12,57454,13678,31125,76074,37295,4946,75825
2019,7,13,65495,64703,57442,40372,23708,12909,76258
2019,7,14,89142,5259,89392,14820,16490,107,36964
2019,7,15,97193,98628,69997,81707,6751,38004,50202
2019,7,16,4124,4817,83542,77929,34847,14666,14002
2019,7,17,72141,85963,6178,53987,50665,29971,44358
2019,7,18,90725,59232,36967,79866,64490,26358,64685
2019,7,19,80980,92816,58000,94524,91443,27996,36231
2019,7,20,98194,82351,66432,18669,87168,16325,16597
2019,7,21,22014,97342,66950,10506,83305,39479,4492
2019,7,22,50321,69449,75201,41045,28680,12168,910
2019,7,23,93170,54877,31946,90501,47693,39945,15024
2019,7,24,55487,34292,77606,70032,16643,44037,48700
2019,7,25,20162,26713,1648,58527,24055,34949,79032
2019,7,26,23711,74427,49875,74031,60228,25075,45076
2019,7,27,88907,53594,52337,98428,8471,635,5280
2019,7,28,72515,6931,6656,44353,41223,34261,64385
2019,7,29,74217,44650,19436,10730,71362,21084,59256
2019,7,30,11768,22384,54639,35478,96811,4513,5861
2019,7,31,57038,45939,40936,62296,99533,9624,27076
2019,8,1,24355,26610,82355,13221,33541,39010,27573
2019,8,2,91115,89623,88309,65331,34272,7745,62412
2019,8,3,5633,45180,78019,33753,67563,32657,89230
2019,8,4,64373,53521,95090,37762,15811,2377,66410
2019,8,5,31695,78353,93485,56049,4962,25839,55621
2019,8,6,38502,81201,59546,45968,70823,47854,57650
2019,8,7,5094,55598,20061,27078,777,48079,17182
2019,8,8,84692,47087,46412,49064,607,7853,13178
2019,8,9,32770,26582,19587,64464,21286,13071,6865
2019,8,10,26247,5261,22485,81101,86461,48382,57068
2019,8,11,73635,46236,54718,95080,18185,41130,58510
2019,8,12,35314,89209,15691,20005,36295,28454,55420
2019,8,13,53254,52659,88597,2375,79240,8183,46838
2019,8,14,16877,37605,3702,59475,42866,42539,50575
2019,8,15,45678,40920,83995,35665,3507,5064,50744
2019,8,16,21692,46193,85605,73357,51753,1296,9713
2019,8,17,88048,79749,95132,57653,48759,81,70027
2019,8,18,27998,24615,43216,61226,62220,46918,70701
2019,8,19,21437,5808,77627,83466,46727,11621,69130
2019,8,20,50234,16684,66226,88277,79229,1830,27985
2019,8,21,30981,69477,87697,35380,65578,49180,69384
2019,8,22,14336,99260,85762,58686,40227,28978,39911
2019,8,23,2446,92247,40611,40234,98054,34590,80051
2019,8,24,44780,96210,59181,11365,29246,41758,65993
2019,8,25,8474,9939,93977,55806,79416,48025,51186
2019,8,26,61345,97205,569,75680,12816,36331,30717
2019,8,27,53042,31660,70628,71839,23906,27590,82072
2019,8,28,21959,62179,52123,83090,74741,27655,4455
2019,8,29,3986,85764,10447,28811,95702,20776,44616
2019,8,30,91469,18800,92153,52813,32356,42722,44845
2019,8,31,45172,95404,95561,14565,27063,32540,36404
2019,9,1,50968,10130,14827,89278,88660,16949,52367
2019,9,2,63400,10955,83173,83737,96718,9972,58899
2019,9,3,8772,30747,29867,240,65898,22019,19405
2019,9,4,14606,14740,30601,59777,26495,26161,70693
2019,9,5,53557,8701,77096,20876,35182,41923,60153
2019,9,6,23841,75223,82520,3593,2530,15692,83681
2019,9,7,15599,92015,32580,24370,22761,12446,20962
2019,9,8,5011,816,10366,19616,31908,40966,45744
2019,9,9,58402,83478,86436,11959,92178,13532,9186
2019,9,10,43711,71806,59339,67552,63380,8210,17496
2019,9,11,65909,40253,91176,81508,32268,23755,52229
2019,9,12,55028,2552,63190,76390,19720,39907,16005
2019,9,13,51627,47224,91748,10028,30702,44536,8338
2019,9,14,39231,58067,87524,82942,46224,13214,66845
2019,9,15,9603,21423,54340,91864,61675,45515,53371
2019,9,16,10294,85622,11951,81674,4525,25141,58063
2019,9,17,24244,65047,54068,92222,12271,12167,2250
2019,9,18,59324,73054,56939,14906,47472,10814,87847
2019,9,19,93695,40379,81043,19650,61801,35382,41513
2019,9,20,39828,97249,1235,50121,99222,13185,71794
2019,9,21,3746,4677,6209,44342,69724,26628,16563
2019,9,22,98346,38794,55164,74021,11848,12103,28926
2019,9,23,75671,89268,86773,69366,29647,17815,89015
2019,9,24,7799,19549,16879,63978,16797,34465,40451
2019,9,25,16018,64001,62244,36115,68678,34804,50456
2019,9,26,38401,61431,17019,53098,16577,22182,27118
2019,9,27,44776,636,16043,20446,6256,19167,19811
2019,9,28,35902,3334,95177,60052,22882,28407,84030
2019,9,29,56030,62871,54480,72047,26872,33075,24513
2019,9,30,95549,17879,4969,50301,79309,38339,59750
2019,10,1,95885,26872,46867,40660,43860,29261,27458
2019,10,2,50115,98428,67268,2368,18113,28797,72419
2019,10,3,40994,7203,2800,13375,86426,7279,15421
2019,10,4,29649,6706,26285,25197,24584,47605,61849
2019,10,5,20244,85943,11598,32481,29167,24816,59492
2019,10,6,73026,54076,66949,39492,68855,569,51859
2019,10,7,86967,29365,20629,44312,52919,23429,37686
2019,10,8,39344,97059,59458,68992,3764,35743,50540
2019,10,9,44699,33347,18740,81295,35642,30337,83775
2019,10,10,64808,5152,3266,54185,75580,20215,23676
2019,10,11,44434,37135,51886,31401,66499,22514,22064
2019,10,12,35769,12294,49750,75113,25705,9207,50456
2019,10,13,29468,11301,87348,90519,44648,6087,31813
2019,10,14,80289,52776,85587,61448,57927,5204,45632
2019,10,15,33506,91770,25659,94292,28904,27544,12044
2019,10,16,11754,66409,34107,47523,78703,33856,8987
2019,10,17,4407,9415,99442,50226,20715,3141,80744
2019,10,18,81714,9228,28908,78354,62003,30846,69801
2019,10,19,36281,36050,71784,86139,44171,47442,10430
2019,10,20,73075,74985,22473,84828,41394,6579,82350
2019,10,21,36448,56787,71336,57206,66201,37130,27431
2019,10,22,3267,6622,64527,84981,15849,43434,63334
2019,10,23,94203,40632,19487,46836,76681,41270,62974
2019,10,24,20851,88712,29755,10277,80048,18579,75105
2019,10,25,37793,41509,43806,74240,98295,31494,67797
2019,10,26,80847,34975,55228,84114,41596,36106,65446
2019,10,27,73797,45891,65131,84351,86522,34617,71186
2019,10,28,63202,75887,80511,405,80950,26617,681
2019,10,29,77349,95195,22137,15142,36704,15943,5733
2019,10,30,51350,13788,53530,48549,48762,25109,42662
2019,10,31,6709,61214,34459,80505,7104,49589,34856
2019,11,1,93626,84206,12393,73179,76444,9256,83583
2019,11,2,57393,35872,616,51093,47419,22752,86234
2019,11,3,474,5046,71967,51823,18833,41848,50371
2019,11,4,83946,66956,49384,90655,28169,33842,57511
2019,11,5,51624,99783,68718,45249,83988,47463,74780
2019,11,6,76783,6718,24714,50527,58941,25329,31619
2019,11,7,22711,64433,67853,23184,69478,6171,21359
2019,11,8,4663,98018,91729,4960,64973,7465,1966
2019,11,9,9493,57658,99477,61116,57440,34546,62717
2019,11,10,41427,82008,57496,18209,5077,32209,58735
2019,11,11,80370,23890,86706,3080,88322,4558,36264
2019,11,12,74151,10728,17622,95165,25097,25702,80125
2019,11,13,90069,83166,12090,15913,40824,27918,87028
2019,11,14,98263,12464,99744,56042,94471,23591,602
2019,11,15,15900,55800,75689,96269,96041,12394,29348
2019,11,16,84362,33303,41963,74864,60382,9584,60029
2019,11,17,85478,85286,70153,91898,84803,48594,47810
2019,11,18,41978,26512,84837,40241,38975,933,32634
2019,11,19,49797,74523,19587,65696,46674,45275,61964
2019,11,20,59066,74020,61312,43427,7322,19626,8291
2019,11,21,67703,79210,88319,69532,80847,24823,41429
2019,11,22,82001,73416,69238,23979,99927,20427,40571
2019,11,23,55253,87711,93204,5050,78585,12790,17097
2019,11,24,41611,24417,49061,676,98436,26724,20455
2019,11,25,22110,46349,95097,6164,41910,49767,15696
2019,11,26,39108,74589,37124,21109,64356,22714,85087
2019,11,27,80635,9492,42009,35887,13554,35212,87288
2019,11,28,8490,64353,60737,50100,5121,26149,37128
2019,11,29,19909,69224,27582,42018,31924,22678,14533
2019,11,30,73834,22444,40228,29293,13384,43704,60401
2019,12,1,94091,32769,11839,74725,58612,3847,6964
2019,12,2,72165,5410,603,80654,86115,11339,67106
2019,12,3,91235,87487,14233,11143,73062,8166,79512
2019,12,4,4986,97195,34045,95171,35990,40624,44463
2019,12,5,49373,84327,91216,59815,33447,3054,24540
2019,12,6,92058,73253,61503,64222,78662,12105,31228
2019,12,7,64776,39796,24685,72363,43634,5269,39857
2019,12,8,16696,13434,69369,21681,10628,19765,63203
2019,12,9,62969,10388,57665,28693,11067,48880,68507
2019,12,10,44513,68286,23046,36571,41538,900,47144
2019,12,11,36551,79357,94723,17679,19152,19407,40041
2019,12,12,79137,74675,89897,95832,4460,25617,3864
2019,12,13,31439,11733,67066,94407,22121,24731,53099
2019,12,14,49539,89962,27958,94051,74599,1003,46973
2019,12,15,32488,51903,64117,69039,47611,25191,13069
2019,12,16,83114,94598,9461,62250,85624,15709,8082
2019,12,17,6436,91326,91945,37874,3058,25363,48633
2019,12,18,41530,93,88083,91068,6406,16040,71471
2019,12,19,81005,83395,48443,29844,51649,28911,78882
2019,12,20,99259,4102,18302,82372,98699,27762,34621
2019,12,21,674,43471,19054,23461,51148,27351,81335
2019,12,22,70557,2713,26319,28439,19157,30753,29506
2019,12,23,25562,46793,37328,22918,46539,35771,42762
2019,12,24,98187,31033,67995,97445,35134,36297,86168
2019,12,25,50184,14058,40788,50858,73880,26194,74318
2019,12,26,25027,3544,52004,11936,6256,44674,80374
2019,12,27,25412,25427,76231,67325,88571,13559,60243
2019,12,28,35109,15681,59356,33295,46713,27350,87091
2019,12,29,81847,29998,43258,32030,60408,397,49239
2019,12,30,34287,76590,89909,75666,96485,8264,57601
2019,12,31,2740,69290,44326,44503,11068,20556,71828
2020,1,1,99638,34114,18422,34746,66146,27777,4392
2020,1,2,12859,5126,31482,11057,51476,41091,9438
2020,1,3,11883,91487,75029,62521,84429,14937,88186
2020,1,4,80913,39552,42138,5,25193,36463,84507
2020,1,5,36260,7019,56334,35897,57484,24755,6994
2020,1,6,23630,52531,71385,36488,74009,19218,3896
2020,1,7,25484,26660,23333,53718,18147,48361,6238
2020,1,8,18927,79649,54424,16191,19201,12913,56195
2020,1,9,60745,99376,60702,97005,22746,17035,52901
2020,1,10,96581,8142,36247,20210,77024,23983,3049
2020,1,11,67384,43201,36944,92867,69860,10277,2936
2020,1,12,4358,74989,79174,39636,54638,49949,85827
2020,1,13,90190,62861,72021,50934,78588,32722,57938
2020,1,14,17685,66109,97191,14266,74250,49789,827
2020,1,15,51273,73771,40228,18657,33323,27171,67875
2020,1,16,19535,53799,90811,23892,45140,36336,59880
2020,1,17,99777,36284,35706,89966,15496,7726,10899
2020,1,18,94084,56800,5189,28120,22908,18731,82385
2020,1,19,13509,68519,9564,81133,42289,49791,29789
2020,1,20,91964,43313,44016,11498,13464,1178,41741
2020,1,21,58603,37513,31620,58379,90148,17325,64696
2020,1,22,5643,91403,21946,16078,64554,43486,24198
2020,1,23,3813,62216,2934,17321,30734,12497,68453
2020,1,24,89375,78639,14594,81338,21952,8609,82835
2020,1,25,51767,26138,60927,10369,80002,42547,15099
2020,1,26,70149,76223,49794,75791,83977,38091,28221
2020,1,27,48530,31577,52418,52342,93792,21703,16014
2020,1,28,40878,552,84467,46604,79190,49060,37941
2020,1,29,17493,74020,37127,69259,16509,14405,75979
2020,1,30,96510,6951,97429,66658,99526,47222,28800
2020,1,31,83502,35313,83372,48384,83241,2141,7077
2020,2,1,77032,23844,3091,17909,24395,3909,40864
2020,2,2,19936,19320,8804,53781,93339,12282,19391
2020,2,3,26199,76687,35370,22708,99989,32798,45717
2020,2,4,99514,96372,64516,99368,48036,47888,4103
2020,2,5,31276,16380,81179,24659,40223,621,48920
2020,2,6,80969,4529,39783,17257,23848,14939,81037
2020,2,7,33538,43572,10427,59736,36610,12148,48795
2020,2,8,36599,11298,4511,52464,24021,35379,8183
2020,2,9,88408,49618,48637,36035,65997,29816,60693
2020,2,10,22572,46788,35964,3540,67669,25747,60796
2020,2,11,7868,57037,8184,57758,608,34963,17493
2020,2,12,37218,97110,32640,90168,24759,37150,68983
2020,2,13,48779,38880,43518,53538,88497,42154,79572
2020,2,14,54494,38321,66617,77065,85109,2580,36956
2020,2,15,69129,94678,34104,76996,51714,42287,4753
2020,2,16,68674,77249,68598,22243,90711,1237,88762
2020,2,17,15469,54738,87744,80600,93618,47613,4137
2020,2,18,82114,39767,40061,52959,78087,23029,16375
2020,2,19,79547,25608,43331,65027,36638,27434,2023
2020,2,20,4703,36072,93127,73376,13321,28076,65618
2020,2,21,4031,79312,24379,35851,50402,28475,26450
2020,2,22,60371,76087,66939,58836,15853,23351,51795
2020,2,23,10292,46379,74521,6190,88338,17851,61217
2020,2,24,24975,11636,29591,29678,47708,39069,39405
2020,2,25,77380,17145,15023,97762,12808,5753,73612
2020,2,26,63209,84227,66414,39931,76666,49704,8767
2020,2,27,8870,73054,10561,35513,35784,1433,41703
2020,2,28,24121,35636,29271,65448,47271,25213,61477
2020,2,29,11330,14281,30881,88709,31425,12255,72822
2020,3,1,60585,18008,36434,23793,18586,19199,73724
2020,3,2,95251,68902,78842,4121,58307,5754,59633
2020,3,3,94090,7186,97687,34562,42821,43309,60009
2020,3,4,6444,18521,11485,17773,49154,8718,42834
2020,3,5,96930,20972,25655,57514,38979,28440,17659
2020,3,6,73917,97638,77734,85519,82891,6575,69639
2020,3,7,41197,62328,45624,51638,69513,9662,86200
2020,3,8,28686,19323,2560,35129,54195,30397,29253
2020,3,9,3348,89114,92086,16630,10085,34093,14143
2020,3,10,65416,12532,88153,55684,26522,15886,1202
2020,3,11,9412,22460,47193,66961,1139,42816,28598
2020,3,12,87004,68829,21149,15689,88151,23709,47169
2020,3,13,42346,54105,36421,62045,59570,44859,8674
2020,3,14,86006,78951,69169,51421,7834,7321,37104
2020,3,15,34355,23207,48306,60119,62018,45498,57079
2020,3,16,79509,4665,62028,66512,89845,33177,28552
2020,3,17,94348,23237,65720,53045,93693,18492,25089
2020,3,18,53262,63350,10115,55619,42300,45635,47040
2020,3,19,50134,52955,30495,840,92513,45152,40958
2020,3,20,70883,7001,4388,50391,11665,16416,43254
2020,3,21,17862,65944,48157,12209,5532,13876,35253
2020,3,22,15576,48719,96693,85189,12069,23159,70807
2020,3,23,54368,18793,47846,20853,88100,44693,51693
2020,3,24,80612,89844,99002,51494,96845,3390,88236
2020,3,25,24861,86157,51489,42722,68452,15997,31282
2020,3,26,73983,29872,52886,5910,78591,49579,1098
2020,3,27,7011,89089,31904,61378,24234,46102,8583
2020,3,28,12333,90794,20275,92944,96989,35628,10790
2020,3,29,93833,55369,95377,18694,41525,13218,67767
2020,3,30,26328,79214,49049,16662,25438,1934,72571
2020,3,31,20380,67864,13668,27390,73305,45572,85119
2020,4,1,97538,41673,3701,9870,48818,40327,79165
2020,4,2,45806,75955,79954,39639,31323,41683,84684
2020,4,3,89200,54900,68802,15527,34113,34202,88541
2020,4,4,59550,52488,71111,79929,36703,34779,7318
2020,4,5,10007,46702,28789,7544,4726,32489,83765
2020,4,6,53543,72816,52930,15700,65122,49235,75338
2020,4,7,12796,40917,46373,1995,95816,31527,53874
2020,4,8,29929,65728,82414,5830,18215,19876,75759
2020,4,9,54918,54654,9428,81276,17707,38216,58820
2020,4,10,38784,87057,22584,92326,76224,41865,78026
2020,4,11,41345,41100,79715,54140,82016,42440,42487
2020,4,12,77832,73966,6360,24112,56045,5125,19941
2020,4,13,90612,75000,32051,61881,46006,7831,83156
2020,4,14,63712,12398,48327,2496,99454,37263,61173
2020,4,15,75677,79127,35550,33373,36578,31617,27513
2020,4,16,18594,90408,59999,12777,80725,32710,3240
2020,4,17,36769,87834,99532,43732,79185,31583,25612
2020,4,18,25190,89413,65120,5254,18162,29798,34101
2020,4,19,17616,17060,51625,9644,12539,37175,63017
2020,4,20,49116,35143,46881,84061,25550,23231,26837
2020,4,21,6274,5940,50076,59394,10125,49608,49478
2020,4,22,89309,97542,25089,30851,3306,6560,56104
2020,4,23,21467,52710,76556,55434,69769,28180,55078
2020,4,24,98659,31706,8094,47775,66848,4974,11835
2020,4,25,8749,78204,45024,31374,495,11451,10768
2020,4,26,26971,77410,10245,16279,74951,1685,3481
2020,4,27,94608,74597,99584,16075,27306,26139,61508
2020,4,28,13426,20671,52937,12085,52376,11030,56211
2020,4,29,19224,32355,24397,44324,26910,19420,35698
2020,4,30,27404,80871,66465,54374,74632,43061,87005
2020,5,1,65935,61097,50485,60542,35693,16421,52968
2020,5,2,62998,58911,80828,92776,79581,33764,4860
2020,5,3,31957,94794,97422,67532,43500,21818,28207
2020,5,4,70410,7590,3904,14165,4812,36720,48539
2020,5,5,79443,79780,71895,45377,40877,22379,72271
2020,5,6,92921,5151,15238,72271,64062,12417,65046
2020,5,7,59994,46181,86257,8302,57326,33678,15833
2020,5,8,825,21847,4040,87586,29436,24295,61751
2020,5,9,34247,11015,86641,13690,90794,8535,75418
2020,5,10,48022,97265,14040,40943,2416,29278,3213
2020,5,11,66477,58046,94610,42822,4226,30866,61124
2020,5,12,77903,80895,43308,78728,2741,13699,82665
2020,5,13,48529,87994,84415,82775,99008,21055,12816
2020,5,14,6153,45941,88234,54175,43206,18625,11469
2020,5,15,45621,47902,41033,28449,22300,35642,61270
2020,5,16,26525,16507,22393,4428,13753,32053,9507
2020,5,17,32845,45751,82171,81373,33744,32938,4148
2020,5,18,32751,53992,93315,38904,99933,47900,59430
2020,5,19,59490,16525,20898,5110,80778,11930,39910
2020,5,20,3077,97571,37531,45954,30429,9924,36733
2020,5,21,60533,41976,66239,93377,4078,14761,61102
2020,5,22,37822,47698,71601,70572,18042,14915,75827
2020,5,23,34326,62815,35256,93815,95691,22505,55276
2020,5,24,76468,50786,81537,79545,64708,19067,81850
2020,5,25,95136,95342,8582,72020,53669,24820,55397
2020,5,26,57747,55932,72850,95568,19982,44450,52491
2020,5,27,54375,9364,8318,88700,88530,9925,78866
2020,5,28,84220,48782,30493,60688,99567,12029,16584
2020,5,29,64275,31095,98433,75762,26437,7014,67782
2020,5,30,80105,98185,29530,37851,70468,2379,79770
2020,5,31,90449,46828,32261,44823,72543,6930,19874
2020,6,1,61073,16854,65091,61644,81987,45583,72331
2020,6,2,81554,23963,95266,62180,55058,10050,87941
2020,6,3,97846,33415,2074,94302,31599,31603,12153
2020,6,4,18419,50333,81922,8867,97160,30534,50042
2020,6,5,69703,87463,36267,47127,20669,1358,38770
2020,6,6,2655,13292,47453,560,53607,9070,32739
2020,6,7,8664,69120,17032,22861,2534,19105,87162
2020,6,8,50485,67060,65666,68903,17392,13940,24121
2020,6,9,30904,94473,64162,16958,81936,16781,50436
2020,6,10,18956,34490,89205,21610,47781,3009,48522
2020,6,11,1387,12079,1260,26402,97550,34643,45614
2020,6,12,83,70100,82776,50567,37159,48441,75821
2020,6,13,70902,28732,29942,18157,23205,10455,85114
2020,6,14,21492,27235,15549,40447,61724,21106,22056
2020,6,15,25857,90466,577,43595,2544,18189,36349
2020,6,16,93,69183,51962,16528,39282,34737,57094
2020,6,17,92792,99530,19267,63694,28261,49208,71850
2020,6,18,67817,59662,33316,89308,3249,15216,39754
2020,6,19,64972,86321,8162,7180,76787,25090,70775
2020,6,20,95682,59630,37123,12127,28813,39084,48654
2020,6,21,68094,40173,12099,60886,56054,31365,70931
2020,6,22,666,80572,39132,68483,56586,22447,7790
2020,6,23,59834,37663,3896,41157,40335,28409,24689
2020,6,24,33473,53498,31815,29155,29480,18937,7633
2020,6,25,58292,74372,86286,42737,30896,48384,49974
2020,6,26,86949,29749,77256,87615,26672,16388,62449
2020,6,27,83257,5186,46590,59442,59200,485,86951
2020,6,28,99535,78893,81639,49359,48743,13453,24865
2020,6,29,78222,98741,52497,52865,89464,38782,55601
2020,6,30,36712,37166,15575,23660,83266,42830,17626
2020,7,1,9937,25569,16426,9546,30755,13016,35339
2020,7,2,89954,13500,2289,5840,8745,279,81551
2020,7,3,73839,30083,66415,52060,45175,18912,54924
2020,7,4,50991,74045,16876,87702,27562,48802,27713
2020,7,5,10827,57984,71691,37116,83552,38116,16661
2020,7,6,30658,51131,31999,36964,80983,640,69155
2020,7,7,6079,67270,30705,79917,13705,47120,8328
2020,7,8,75231,32383,53251,26221,6427,36478,13922
2020,7,9,33989,35280,57987,44815,93263,29677,61930
2020,7,10,93166,17792,44942,23824,85275,43293,40787
2020,7,11,82609,60284,19941,88687,27553,16998,88603
2020,7,12,57609,64117,16930,32840,96499,36532,59060
2020,7,13,19277,73009,89334,53265,8288,47320,74432
2020,7,14,17902,76996,96361,11068,11139,7655,41243
2020,7,15,12765,50947,28381,95373,11230,14673,84059
2020,7,16,55134,31670,69013,12743,95786,2294,11934
2020,7,17,8636,88825,20993,27913,78186,10326,87529
2020,7,18,2825,73997,11960,20727,67344,24673,28146
2020,7,19,78483,82327,99388,7599,49625,44120,52972
2020,7,20,77206,8792,3382,48691,40462,38747,7785
2020,7,21,52599,7392,39718,61235,12569,10711,75499
2020,7,22,90754,87388,3027,9930,61385,31339,57008
2020,7,23,45080,56011,95153,39914,54689,10892,17513
2020,7,24,20665,55011,66836,97870,63803,36569,46560
2020,7,25,20616,91667,24345,73214,99059,14062,50800
2020,7,26,11627,41124,72650,2380,44864,42029,48661
2020,7,27,22600,23367,75669,67679,79377,20821,17593
2020,7,28,50417,98065,55105,71081,53075,38292,58950
2020,7,29,33229,24860,31861,53844,16527,22557,13410
2020,7,30,31937,52971,94209,43563,94094,16859,22294
2020,7,31,55309,58887,90954,77908,98605,16622,55587
2020,8,1,94333,53795,53179,44749,51859,24635,45829
2020,8,2,21285,79278,1130,70866,4137,49342,71061
2020,8,3,37015,21899,84470,85303,91221,45031,18865
2020,8,4,1666,78241,91158,56975,53479,48464,74882
2020,8,5,52083,65085,80468,46415,35231,49998,17515
2020,8,6,3441,90984,39695,24726,70261,40824,71943
2020,8,7,74398,6517,53003,27764,28415,3825,43067
2020,8,8,35987,65207,58283,37653,43447,15793,24627
2020,8,9,13277,64256,29508,81711,29340,26328,44477
2020,8,10,80923,92677,51991,84363,83661,41685,65440
2020,8,11,53921,48860,37382,44670,55376,6737,42434
2020,8,12,143,76913,1852,36129,42119,26486,43781
2020,8,13,1917,42278,84759,15193,6533,30619,6903
2020,8,14,52225,73298,41379,33147,65974,9721,27509
2020,8,15,49634,17757,42949,3555,66616,30330,38224
2020,8,16,38343,3418,37009,38485,80330,5212,80966
2020,8,17,22448,31698,81098,40716,73975,15857,35908
2020,8,18,80508,12827,69162,32732,86124,26892,62230
2020,8,19,52097,36612,99738,1731,70720,9038,65285
2020,8,20,37335,55720,69860,92030,59137,6869,56866
2020,8,21,39467,78432,37831,78266,10129,18929,78982
2020,8,22,84104,1137,91241,80963,13963,10403,60046
2020,8,23,16438,87294,12275,68534,40258,28364,86616
2020,8,24,10977,87402,8252,64664,43121,28112,56693
2020,8,25,2257,1332,19910,58075,79763,7741,26341
2020,8,26,89892,93021,71674,90347,10509,12914,27661
2020,8,27,40823,23316,17706,57260,26962,29980,62145
2020,8,28,67219,74695,28761,94547,62096,37012,55562
2020,8,29,5216,15123,48606,23825,32806,18516,51899
2020,8,30,12569,42608,34591,18812,51980,6264,25510
2020,8,31,62488,85530,13170,3310,8845,30875,6921
2020,9,1,52158,77206,19065,19376,51900,47825,80275
2020,9,2,30348,84837,5836,35563,16311,4442,35739
2020,9,3,65469,39309,73990,94389,81916,8580,43200
2020,9,4,33895,31196,55061,96382,16725,18230,66043
2020,9,5,41921,15456,9315,94079,92661,28379,79806
2020,9,6,60912,92556,60080,91259,93744,32268,3174
2020,9,7,10054,53061,18912,91874,92369,9253,76262
2020,9,8,74284,34185,15813,24530,65380,20873,37263
2020,9,9,98456,39102,69657,56728,54557,28971,806
2020,9,10,63569,7349,96964,24481,99904,23395,82091
2020,9,11,93647,55662,75264,20053,25074,10528,78278
2020,9,12,17442,19780,14540,8077,53964,30352,8958
2020,9,13,35695,1225,86220,50502,56678,5876,7230
2020,9,14,11235,34846,74387,74803,58547,21350,35635
2020,9,15,74802,61097,47726,84801,16758,22989,1205
2020,9,16,58184,49868,49482,91977,86000,14021,40054
2020,9,17,56315,10725,49011,8362,28301,1583,58863
2020,9,18,84978,7458,82444,12564,58656,6831,73719
2020,9,19,33554,44532,19353,8355,5628,17078,69507
2020,9,20,38738,6419,30711,13273,72638,46545,35249
2020,9,21,58637,60565,5302,14952,87641,20665,13313
2020,9,22,15941,38599,98527,17271,62408,30971,79834
2020,9,23,21063,54153,33552,70968,15036,19257,5675
2020,9,24,37016,36334,5181,92105,59104,2244,85377
2020,9,25,31742,48788,10625,6730,25704,32279,71681
2020,9,26,13345,19295,44993,45637,57893,9872,22907
2020,9,27,20300,40842,92741,57715,11346,42644,28682
2020,9,28,26381,11900,24356,63396,48234,45889,15500
2020,9,29,23689,98132,60876,71782,46919,21501,78512
2020,9,30,72622,20131,192,2318,39425,11537,77955
2020,10,1,97317,37760,10861,33968,78601,3601,41682
2020,10,2,89946,46245,36716,32678,58144,27423,36074
2020,10,3,22729,23311,67925,62770,21442,45153,64551
2020,10,4,84712,16653,29414,73686,53135,45958,66003
2020,10,5,92559,23846,23957,6227,61605,34818,70194
2020,10,6,40205,54770,31876,46502,17366,18591,49179
2020,10,7,91862,62365,91604,30942,85676,9529,63711
2020,10,8,23469,4681,44614,24533,37685,24027,18218
2020,10,9,90819,19984,74220,99729,43829,14529,45955
2020,10,10,5433,49346,46148,61989,20467,44375,18490
2020,10,11,37833,79317,4021,46046,41682,11976,36987
2020,10,12,27357,71504,70698,67177,92536,31663,81709
2020,10,13,46572,5689,89926,53742,42025,30498,83470
2020,10,14,2205,95026,75776,7638,60723,21924,35978
2020,10,15,81189,32650,10820,35373,11967,14840,61418
2020,10,16,53648,26815,58405,97356,14671,45454,884
2020,10,17,23558,93468,72593,70130,99156,12518,50223
2020,10,18,57532,59367,10045,59737,54392,35820,37374
2020,10,19,15114,24095,69703,12655,56745,30522,14379
2020,10,20,85063,11713,45797,55062,54880,20553,18769
2020,10,21,85902,82358,49652,9459,75825,22244,35940
2020,10,22,91332,1114,36163,48864,60480,12559,38600
2020,10,23,31224,48378,92325,62689,88825,12027,25343
2020,10,24,61921,58901,39722,46983,70613,1870,18396
2020,10,25,41844,38774,87164,27745,21131,36815,87204
2020,10,26,13307,75411,49495,4638,76524,35657,39853
2020,10,27,53355,48215,94804,84578,12945,37128,57267
2020,10,28,1769,65507,38961,80041,40759,45034,37023
2020,10,29,27723,13255,45418,69567,52028,48933,7311
2020,10,30,89510,85747,50866,19168,77509,361,20158
2020,10,31,70384,2369,10010,23739,66936,4814,44668
2020,11,1,79880,8293,88286,98000,90151,43599,68040
2020,11,2,47261,54984,21414,74984,68239,33183,54550
2020,11,3,36618,32115,58212,42480,34213,9078,1647
2020,11,4,11722,25790,1804,82105,28158,28166,62195
2020,11,5,95093,49331,63215,91324,73975,1500,59323
2020,11,6,80478,95098,83714,27738,50082,21479,72721
2020,11,7,34672,4661,63622,71289,53127,38186,10120
2020,11,8,87340,47263,91767,15413,73052,9922,43869
2020,11,9,17561,54439,52416,12654,3769,15630,33977
2020,11,10,77744,67129,9652,58221,78579,9717,42310
2020,11,11,45012,31196,21383,96035,52208,35004,43675
2020,11,12,5335,23189,13795,9026,86803,21913,84438
2020,11,13,76206,48186,54658,93767,2625,7073,36420
2020,11,14,22745,22702,26748,488,6183,2751,55060
2020,11,15,1113,62468,93722,62476,10015,15104,38510
2020,11,16,62222,107,58536,83908,39648,22330,32933
2020,11,17,26450,10594,33722,19008,58780,38380,62774
2020,11,18,61404,11804,35545,84148,50858,12292,10988
2020,11,19,73392,31395,92399,74504,93862,2472,13331
2020,11,20,3876,17575,28192,82449,34034,36727,16357
2020,11,21,73681,75409,59289,16482,86002,9363,65489
2020,11,22,44781,14094,64614,22536,25897,158,73036
2020,11,23,76754,78802,40375,66497,10196,49125,57352
2020,11,24,20409,51597,10682,40636,69171,38873,43084
2020,11,25,3204,41952,89440,93236,17360,15081,39718
2020,11,26,3361,90795,61558,64494,4888,26172,77029
2020,11,27,30784,42681,26416,23890,21482,16790,60386
2020,11,28,48029,15915,47738,68437,83863,24771,79072
2020,11,29,53033,29996,48508,72589,71947,4299,35824
2020,11,30,89306,35731,91893,9018,26525,3451,13511
2020,12,1,31412,95974,76892,78548,38654,3307,68789
2020,12,2,76488,86449,25526,24516,18715,39615,89305
2020,12,3,2577,64386,34728,71961,94381,33235,50901
2020,12,4,82679,37534,26725,88336,89616,34969,27353
2020,12,5,16141,4771,87216,63904,744,14107,28803
2020,12,6,55750,83765,77591,32237,70213,19469,33104
2020,12,7,5279,9083,82408,24207,89820,33488,46168
2020,12,8,84200,16722,73420,83230,70607,16496,81565
2020,12,9,60223,51465,68918,92715,56235,6133,56618
2020,12,10,73331,36591,31773,29080,20355,9363,47668
2020,12,11,6920,45183,50771,28550,54266,49531,12757
2020,12,12,44085,83018,65276,44637,16091,38695,47866
2020,12,13,3050,55191,15783,63272,23007,1052,82338
2020,12,14,79241,73536,45307,68923,10126,27079,24354
2020,12,15,46832,2794,92021,70103,47976,9144,68653
2020,12,16,2241,25026,67761,62678,24395,33036,57314
2020,12,17,56837,88082,51531,59886,43272,17313,79509
2020,12,18,66278,68364,11846,61871,41899,7153,67145
2020,12,19,52024,34231,61499,15208,37024,19871,25310
2020,12,20,85000,45366,314,3592,70391,18074,66269
2020,12,21,11137,17461,73582,67974,5543,25113,77859
2020,12,22,65166,92425,83720,47796,77141,45565,79666
2020,12,23,19039,52717,73162,87415,3300,34660,42622
2020,12,24,56675,20883,87931,41674,66248,4597,15266
2020,12,25,52991,72670,27886,64127,6483,1468,68452
2020,12,26,12025,42932,92663,77190,51708,26382,4985
2020,12,27,28848,71946,51002,47887,41015,24164,75301
2020,12,28,60666,75175,54274,17340,12409,8556,9014
2020,12,29,78657,63152,20631,47999,52174,14868,38477
2020,12,30,58656,66335,76929,87032,25618,19591,44221
2020,12,31,77326,45972,5558,22525,34269,22911,30411
2021,1,1,91635,13426,22063,52300,88601,26336,79640
2021,1,2,1009,34892,45005,96017,14395,31987,10367
2021,1,3,66568,46854,88844,25223,29541,15772,22254
2021,1,4,55158,51714,92827,48835,14037,14736,61360
2021,1,5,48305,87646,58122,39940,1072,30185,8591
2021,1,6,6024,72872,78230,23384,24115,23234,5753
2021,1,7,38510,5220,96119,5077,68426,34962,76652
2021,1,8,97966,67085,58905,69475,35150,18083,48310
2021,1,9,49186,82818,89669,13843,70464,14142,134
2021,1,10,87887,60678,78724,10262,33550,6954,23645
2021,1,11,74016,96539,69397,12525,18111,15516,7602
2021,1,12,86536,66829,80605,853,33914,5861,327
2021,1,13,69063,23944,88636,34601,6761,44656,78443
2021,1,14,93576,75150,18576,97814,35827,13651,8075
2021,1,15,85728,86956,58072,59744,83495,27468,52268
2021,1,16,17957,9335,6221,20844,76164,36825,71696
2021,1,17,26429,42686,8374,95491,82981,13362,20091
2021,1,18,6093,24369,94885,99669,99518,29812,13834
2021,1,19,35345,43463,38261,21072,30418,46332,40815
2021,1,20,30264,23799,69435,64572,33134,42007,45415
2021,1,21,25649,78832,23462,52077,37869,31836,63919
2021,1,22,20849,61549,94010,26941,85917,38894,82961
2021,1,23,85435,35058,73147,20779,78520,11407,28202
2021,1,24,25289,7738,55369,55553,31536,41155,66476
2021,1,25,81021,33161,21891,23021,11992,11704,15097
2021,1,26,66212,9891,39016,87060,71439,49377,70353
2021,1,27,57356,54622,73313,42790,89679,46459,39920
2021,1,28,68198,57865,54473,9839,81954,9841,31743
2021,1,29,29842,50995,18218,27214,84156,6460,10235
2021,1,30,12499,18164,25331,95063,28054,30698,62122
2021,1,31,99493,30074,28826,73200,1048,18491,65989
2021,2,1,90726,64949,12260,75276,39166,16732,5114
2021,2,2,37471,92925,66856,67312,60271,1425,44526
2021,2,3,44426,57885,44760,73277,76048,36442,8339
2021,2,4,20453,83492,66812,36297,29917,11990,9496
2021,2,5,30964,30480,41836,38042,11780,20447,69669
2021,2,6,67297,53531,14782,4768,46455,47989,32079
2021,2,7,6725,99413,82956,67503,73649,44067,47131
2021,2,8,49696,30509,41821,86501,30352,24984,49149
2021,2,9,60268,36973,64997,7584,67452,23184,35625
2021,2,10,95584,93631,91645,62880,47161,6426,43999
2021,2,11,9967,20766,72430,16691,36530,5385,24193
2021,2,12,10179,99452,41323,76226,46312,49495,62726
2021,2,13,93015,24479,18227,53282,61451,33223,47217
2021,2,14,45255,6406,39193,40838,16388,30837,70069
2021,2,15,79900,53614,4068,89866,74379,26497,2909
2021,2,16,10909,31881,23453,21087,47684,14776,3664
2021,2,17,10347,80622,76390,3361,5100,10968,12995
2021,2,18,66551,94190,50211,28157,16947,39404,48994
2021,2,19,49687,36592,89062,29586,90206,9481,55804
2021,2,20,80936,85977,58712,91844,34210,32164,9282
2021,2,21,98245,63291,42946,8592,43913,35687,81952
2021,2,22,49012,46654,84946,31914,57195,35157,60070
2021,2,23,74141,40912,45415,23827,93855,829,89765
2021,2,24,84060,60309,5568,64996,62638,30631,53191
2021,2,25,96847,62794,18825,95091,42437,11770,83682
2021,2,26,2701,13808,31986,68064,76813,16931,9978
2021,2,27,34007,68439,76399,24499,25702,21814,68326
2021,2,28,19557,88994,34442,3616,49302,6361,64963
2021,3,1,11939,36991,58154,25137,16136,43330,46580
2021,3,2,58572,55099,56613,61272,85258,38598,59336
2021,3,3,62070,21881,45665,96076,90319,22063,20574
2021,3,4,32373,60228,85251,51929,49221,19692,1896
2021,3,5,14875,76052,56859,43165,29394,31364,28302
2021,3,6,45530,24693,21233,20453,96143,27845,41725
2021,3,7,81400,66443,27412,43469,88323,39428,15896
2021,3,8,94993,27842,92821,27365,88070,28072,49293
2021,3,9,53642,14115,67541,84868,90167,24399,28033
2021,3,10,19560,72114,12686,81441,13158,33918,51894
2021,3,11,9300,11762,99970,7051,94556,27381,46871
2021,3,12,99230,33160,22766,94223,61001,15586,17939
2021,3,13,65422,10009,17232,35416,24124,34772,50283
2021,3,14,30642,25522,64667,66553,13987,27352,37994
2021,3,15,27144,27621,49887,36443,55735,49856,53493
2021,3,16,50290,93588,26715,65872,26747,49480,60094
2021,3,17,4099,81417,98032,69521,7778,31615,34936
2021,3,18,31901,32738,41570,78894,58259,6237,5446
2021,3,19,72245,99940,9791,15740,27561,26029,62182
2021,3,20,83295,25884,12026,49936,35823,38740,45807
2021,3,21,78921,4571,92252,83020,2340,6636,28892
2021,3,22,10117,38250,73827,58369,87340,15396,53614
2021,3,23,61950,37984,99059,50547,37924,25202,56286
2021,3,24,65484,1230,18468,65130,43466,46845,61417
2021,3,25,79288,1937,63576,74561,22859,22179,13932
2021,3,26,25198,78814,42823,51666,33416,33001,36386
2021,3,27,20755,48396,79999,82704,86380,45410,53250
2021,3,28,40655,20611,99536,6138,38192,34355,47619
2021,3,29,81657,81199,19035,77297,99487,48962,11857
2021,3,30,22346,71141,25788,63895,49954,34962,71913
2021,3,31,83369,17962,74650,4123,66357,21001,33179
2021,4,1,69088,66410,36428,9742,3372,35963,72231
2021,4,2,41563,86669,19849,39572,84220,5236,56868
2021,4,3,83706,70549,68724,22403,41689,10863,22650
2021,4,4,7995,95824,34562,7715,13785,25563,38190
2021,4,5,96493,96563,31368,81933,79324,34147,28026
2021,4,6,82695,36462,40257,40610,23130,26457,10181
2021,4,7,7349,48044,97048,7407,18593,32123,16161
2021,4,8,76633,9337,48810,979,5160,49723,18694
2021,4,9,35296,25286,53235,48140,21848,34602,20072
2021,4,10,1172,85100,38098,218,21561,44706,80827
2021,4,11,44691,71162,37359,68391,35558,758,2149
2021,4,12,70502,49232,38310,63486,58568,37119,14465
2021,4,13,80079,86842,89510,31726,28479,9096,9866
2021,4,14,50326,60049,9937,67849,45148,14386,18067
2021,4,15,66709,59091,25245,27751,46605,28956,66141
2021,4,16,98514,29713,4642,69015,78945,42951,42500
2021,4,17,53864,46421,13316,33943,49614,19177,25668
2021,4,18,78092,78272,45533,44770,38320,21822,62618
2021,4,19,99820,36207,97036,66528,11650,22281,20630
2021,4,20,74606,1236,23122,73119,47300,27763,52133
2021,4,21,42596,70713,90984,96460,17134,20652,402
2021,4,22,66747,56180,12421,61191,50804,24306,5960
2021,4,23,5475,46127,18577,5294,98685,31965,48173
2021,4,24,26686,54245,98802,1291,71832,21924,50761
2021,4,25,35483,49686,49245,78079,36751,6581,54538
2021,4,26,70236,77232,21291,36982,49763,33711,84524
2021,4,27,566,24368,20483,6041,86846,5412,51334
2021,4,28,1883,87376,15859,28568,57972,14660,56211
2021,4,29,46155,36583,36971,81637,2621,36216,36067
2021,4,30,39371,42796,50604,9606,36379,38246,42939
2021,5,1,86141,38309,93815,86707,62676,14297,19099
2021,5,2,49522,69708,36784,51404,73435,2642,66323
2021,5,3,31406,67302,42533,93912,20236,45856,35549
2021,5,4,39208,82071,51615,94930,41218,18571,887
2021,5,5,77596,23168,83826,80088,61476,27640,83146
2021,5,6,24152,8288,92244,90025,94348,29028,47780
2021,5,7,67782,81669,54102,15540,65322,12987,59451
2021,5,8,1910,8842,1351,41117,90912,19318,72399
2021,5,9,48481,4240,73285,26076,27407,23462,32515
2021,5,10,88883,51101,5661,29386,75741,47904,55762
2021,5,11,70088,43283,93541,54221,24952,47642,66112
2021,5,12,6625,60628,95563,8534,69469,46913,76003
2021,5,13,76732,82582,18401,25212,86821,8037,57639
2021,5,14,14228,81499,90154,3110,48951,45814,8847
2021,5,15,24691,10069,84608,11130,53352,28148,15351
2021,5,16,94655,42141,67814,1279,2769,13376,6165
2021,5,17,88589,76641,8519,81673,59222,43271,6884
2021,5,18,46043,51307,90875,60270,49157,47380,59731
2021,5,19,98108,9545,44929,22798,35965,29536,10280
2021,5,20,89316,24035,31982,83970,66175,49795,61601
2021,5,21,85295,63171,44117,90236,56163,18987,31908
2021,5,22,15384,28609,95143,77778,96267,36017,64399
2021,5,23,45424,99748,50481,43531,9292,45409,52680
2021,5,24,45257,41296,32959,50924,65330,14940,11246
2021,5,25,47857,81087,69198,33151,60609,29666,13386
2021,5,26,16771,98652,95293,48506,43612,6788,72636
2021,5,27,39878,9156,97034,85301,8904,13867,25183
2021,5,28,34547,59275,27863,96155,571,27173,57079
2021,5,29,82252,58465,14676,30108,39551,33873,69611
2021,5,30,16511,13538,19348,33281,28541,14641,78138
2021,5,31,88504,37780,40773,28381,46935,37807,50034
2021,6,1,55838,1673,91568,90385,77299,19430,62891
2021,6,2,94221,12955,49969,76473,87771,30996,62932
2021,6,3,27321,64868,18894,60183,94757,38242,53463
2021,6,4,39649,69234,91600,28152,7013,32373,42885
2021,6,5,53947,86531,2918,9785,4555,44485,46521
2021,6,6,81853,30267,35763,76074,59573,35732,88898
2021,6,7,47343,66727,8181,91015,47947,27075,31197
2021,6,8,59055,65316,61011,98704,50901,2610,56855
2021,6,9,57913,1334,16091,11859,4216,19008,17995
2021,6,10,8770,29845,70867,90623,76463,6630,53048
2021,6,11,36035,8713,68297,99729,91791,42829,30743
2021,6,12,56089,19903,58291,15144,1570,19301,23847
2021,6,13,68822,88262,57053,26734,89596,23144,14945
2021,6,14,93811,8503,9291,18933,38347,46510,35907
2021,6,15,31161,3139,8954,83547,28203,43602,33275
2021,6,16,36345,86430,90369,92434,22685,15011,57577
2021,6,17,40606,84311,37775,9428,72573,44827,12513
2021,6,18,78520,67970,23809,88682,92825,33100,7614
2021,6,19,47523,29609,49872,78684,49099,25177,38582
2021,6,20,93653,68778,61857,29997,71560,18577,32430
2021,6,21,10596,33588,30006,67553,34250,17780,13332
2021,6,22,6822,78959,45845,1693,63280,36005,26727
2021,6,23,56104,19104,30692,3627,65064,30564,18662
2021,6,24,14162,55740,77243,7814,40870,5451,77811
2021,6,25,12429,24028,76592,39376,73967,6598,76928
2021,6,26,8216,90729,260,15038,69687,12456,83082
2021,6,27,32967,48460,39808,5422,67564,36852,29048
2021,6,28,48979,67415,7709,63141,39506,1304,77306
2021,6,29,80375,56754,41468,92803,80781,18060,38530
2021,6,30,54747,41009,55458,79315,31737,5717,24352
2021,7,1,17776,34524,43785,67094,82983,49945,2515
2021,7,2,66898,86796,97915,15877,54210,5623,65369
2021,7,3,93715,6926,82674,90442,80032,40494,9596
2021,7,4,77164,58553,48126,48263,99561,3583,7577
2021,7,5,47649,75651,38280,81776,10174,32064,78869
2021,7,6,93156,82008,21384,60054,85155,19298,22282
2021,7,7,55716,41272,87650,65783,64550,36675,26224
2021,7,8,44581,27168,55819,21744,2072,3944,6
2021,7,9,17984,23878,97582,65633,99528,2213,73760
2021,7,10,9701,34277,12629,19209,32636,364,85614
2021,7,11,17791,86013,87895,89858,27284,25544,25640
2021,7,12,8185,78570,11863,69117,5738,34034,30861
2021,7,13,24161,4329,77218,42145,28207,41152,14129
2021,7,14,27734,43364,87888,37435,93992,16868,36643
2021,7,15,26628,67231,52256,60770,53243,6502,30627
2021,7,16,96879,48397,22619,5063,26966,833,74180
2021,7,17,49055,34866,81392,73216,39195,24961,1712
2021,7,18,67401,66112,55840,11486,25828,10079,88920
2021,7,19,19819,76947,21914,62798,44177,40521,49919
2021,7,20,13772,63374,6898,10650,11770,29516,85712
2021,7,21,55088,80348,89891,4142,31566,37634,53709
2021,7,22,70760,62595,25420,54512,45058,47611,45997
2021,7,23,70885,57690,31269,7056,50988,19534,79853
2021,7,24,95164,60055,26124,8935,23428,33021,29584
2021,7,25,51550,62536,51648,6637,59235,7890,47130
2021,7,26,90800,45524,20839,77911,24470,12610,88774
2021,7,27,69527,76573,31123,40412,34262,12391,67467
2021,7,28,85249,31924,33671,96764,8330,9794,2051
2021,7,29,48110,92814,57986,99659,71701,9633,46295
2021,7,30,47288,83875,33424,38087,29398,20614,52350
2021,7,31,53867,33224,81123,23393,9796,28597,80156
2021,8,1,60409,90987,43974,62009,39263,27645,25124
2021,8,2,47592,53790,97174,95701,62956,5160,5359
2021,8,3,34656,81144,18005,81943,65018,1429,46382
2021,8,4,94415,22042,85083,64633,71617,32557,34378
2021,8,5,97764,11154,84533,74524,2140,44859,32884
2021,8,6,41402,22503,28008,5346,76292,25181,1046
2021,8,7,39247,96692,12757,90255,77836,30761,68549
2021,8,8,59205,82189,24930,69972,20583,10012,44604
2021,8,9,8551,92569,55333,6315,3722,6218,7190
2021,8,10,22213,1076,50074,79967,23578,28081,75312
2021,8,11,16221,19613,86357,71820,32657,49113,82074
2021,8,12,26844,46226,50622,86048,28414,41904,26019
2021,8,13,65348,18267,6975,90251,27187,28659,82917
2021,8,14,30908,34876,10106,69473,35951,26531,59439
2021,8,15,75880,70963,34750,8453,6928,37458,30272
2021,8,16,39584,52923,58697,82779,99148,25670,38826
2021,8,17,43913,33925,41197,9261,52192,14523,89511
2021,8,18,79378,43181,28779,26638,78057,38884,56110
2021,8,19,30359,15415,61900,6239,86377,46649,31043
2021,8,20,93304,50458,11314,49239,3380,36362,2017
2021,8,21,2527,28383,17195,46440,62308,24743,42052
2021,8,22,30851,39265,87914,10228,98797,16692,43217
2021,8,23,76853,71927,65678,23564,87341,27577,66154
2021,8,24,90070,40577,77196,99725,91035,4861,28964
2021,8,25,10766,7574,97332,13293,35956,14526,66084
2021,8,26,14615,5620,64487,45465,44884,2400,42045
2021,8,27,43681,85443,25261,36885,57369,7291,70448
2021,8,28,61062,34867,6601,67483,75444,148,87207
2021,8,29,82830,5008,32522,93595,12581,29854,53239
2021,8,30,64889,60731,99322,79503,66351,30160,11320
2021,8,31,27586,32559,13364,71266,34353,4976,84503
2021,9,1,8074,62266,1302,85487,13485,24255,62969
2021,9,2,5280,24402,36527,88109,45762,19049,58055
2021,9,3,58342,15254,21294,39582,75984,36967,19085
2021,9,4,58686,17127,60404,86272,66037,40119,73889
2021,9,5,390,45094,98391,24815,23712,16045,301
2021,9,6,37196,40299,79621,42475,64700,32499,70583
2021,9,7,26813,1547,44989,85155,33152,16282,64736
2021,9,8,25488,19601,60172,84173,36727,36927,26796
2021,9,9,19115,27045,60685,35856,72139,25427,30670
2021,9,10,12202,91471,87322,49397,31769,16942,51871
2021,9,11,12821,99441,38805,39633,17339,33793,31139
2021,9,12,66843,66427,82227,92330,86027,8750,32854
2021,9,13,39105,95677,79650,74571,22721,6686,20427
2021,9,14,11211,48464,87448,23412,39935,24770,32808
2021,9,15,88055,58063,81030,17227,73855,19834,33212
2021,9,16,7546,19979,14350,74388,2757,12928,83069
2021,9,17,5135,71678,75922,60591,67354,21923,25161
2021,9,18,90074,44960,45587,1285,93424,49387,54696
2021,9,19,49710,24156,13856,37764,98570,44885,24991
2021,9,20,72425,31071,28202,79970,67401,8903,54357
2021,9,21,70157,71831,53777,91643,59860,46050,42233
2021,9,22,27213,17973,87393,17286,79284,49332,4922
2021,9,23,72707,98718,75970,22416,39225,6177,56532
2021,9,24,37794,1061,31522,10218,48483,26075,86539
2021,9,25,15883,51329,77247,2391,23159,31023,84033
2021,9,26,99370,77073,46265,26582,11397,10,50220
2021,9,27,90680,99341,11493,63387,14410,37462,22154
2021,9,28,53634,93638,78685,91427,11051,26558,87997
2021,9,29,75885,18984,24535,91768,70313,1782,50510
2021,9,30,9823,32804,4543,9193,9876,17159,72126
2021,10,1,21272,33520,12345,11952,49212,23838,51690
2021,10,2,63621,27651,10195,33606,21289,5232,71385
2021,10,3,48691,31789,59381,24575,67125,33915,42694
2021,10,4,37437,85696,43204,63611,34852,14098,59155
2021,10,5,44727,47608,41281,82351,81128,3625,654
2021,10,6,30339,93814,18695,10312,21465,28889,3917
2021,10,7,42753,34120,85301,7795,82261,11033,32369
2021,10,8,49385,44948,65063,3173,46995,24618,66783
2021,10,9,81846,88715,72290,42925,36322,13570,55275
2021,10,10,33801,83546,52280,64140,77360,20974,80803
2021,10,11,98824,16214,51071,57928,50334,36372,85722
2021,10,12,32594,97404,14442,98330,58703,45856,41502
2021,10,13,5698,20473,84636,3895,25539,6925,76819
2021,10,14,61861,86846,88445,95661,70392,40724,16152
2021,10,15,64103,28049,83306,62926,44263,34377,17205
2021,10,16,94596,87100,19278,43541,84503,33719,41870
2021,10,17,59558,45927,59723,81607,66399,44358,15501
2021,10,18,91938,17635,32320,70150,4480,37116,32162
2021,10,19,74871,77840,74666,38973,5888,7971,38250
2021,10,20,50150,92347,55454,61097,79446,41083,60989
2021,10,21,80301,41154,62858,56210,87080,38932,77816
2021,10,22,53478,83290,23316,61767,924,21987,88268
2021,10,23,21755,9103,30430,12978,86942,21447,68302
2021,10,24,9181,79417,86552,75683,88116,8357,53131
2021,10,25,67561,49440,74120,64213,90593,3329,80422
2021,10,26,94024,92261,58237,63853,91902,47905,45620
2021,10,27,9177,69891,90239,30931,78993,20668,23908
2021,10,28,82286,58466,12210,7819,37883,15113,13501
2021,10,29,42350,73469,36631,26262,39260,27102,80475
2021,10,30,46204,80431,27248,40227,72691,1837,4080
2021,10,31,64592,99741,46051,90120,69631,36289,71050
2021,11,1,64976,73309,64958,63613,31774,43519,61431
2021,11,2,86008,8631,71283,28357,98451,24266,971
2021,11,3,37711,51367,61445,266,31797,5044,40493
2021,11,4,20839,6880,60924,1782,6620,23326,61901
2021,11,5,92603,59614,12951,73930,49274,44260,7542
2021,11,6,81048,4130,8973,83407,12760,30255,38116
2021,11,7,11210,20872,99086,65272,72239,26882,65538
2021,11,8,20387,81925,22382,41226,5157,49657,59359
2021,11,9,28128,22982,51260,20730,98947,30562,81011
2021,11,10,48221,91173,48553,45620,95302,23877,89026
2021,11,11,24413,70483,73493,51974,91355,22578,33598
2021,11,12,79945,65811,99135,331,47736,37868,31556
2021,11,13,52892,37524,17267,81019,76857,34878,18101
2021,11,14,75803,65439,45463,24023,72963,10367,59642
2021,11,15,84616,595,15020,25380,71078,4864,87353
2021,11,16,78784,77442,10950,75080,43252,26436,15410
2021,11,17,7339,80655,33318,76582,34530,584,33953
2021,11,18,11386,35461,8405,87189,17251,3867,57563
2021,11,19,90213,64234,13557,91180,81180,28576,46559
2021,11,20,68609,49791,93911,47392,27232,21213,82471
2021,11,21,86836,64000,14233,10526,44655,47550,47108
2021,11,22,79184,98133,77412,90570,33593,35816,84110
2021,11,23,67195,56034,21672,57407,36619,35228,24938
2021,11,24,17799,80155,81496,86407,29946,41758,60151
2021,11,25,73529,29322,88973,76716,93322,3205,27242
2021,11,26,37976,50754,90701,33511,65238,18112,4080
2021,11,27,15182,70279,18189,82376,26312,6213,6134
2021,11,28,79283,91440,21071,97081,71595,18918,49839
2021,11,29,17892,10676,49989,91420,56349,38962,18136
2021,11,30,49670,58518,55377,3997,25624,12429,37508
2021,12,1,90861,30540,77939,6043,17170,46128,24770
2021,12,2,59833,68692,60904,39115,60131,31974,46195
2021,12,3,48077,17244,36034,65968,44271,2374,37388
2021,12,4,619,57687,25523,66641,16205,47251,50637
2021,12,5,41828,59679,24496,32688,6570,2435,15082
2021,12,6,40091,14914,59852,99923,83605,20755,9038
2021,12,7,43735,19080,91584,91812,36323,43969,54131
2021,12,8,96945,62695,31518,97564,20381,23392,14204
2021,12,9,36585,70642,51192,94764,46672,25688,13804
2021,12,10,69593,78122,98885,9683,93035,25088,9606
2021,12,11,92991,95842,64995,36725,31274,22930,84888
2021,12,12,83948,16899,35371,80893,79593,16888,74808
2021,12,13,16325,56632,75363,52910,27273,26554,54025
2021,12,14,90297,2241,7828,59889,96714,6713,59572
2021,12,15,6100,81800,79177,99090,93994,10523,12167
2021,12,16,41619,33452,13406,25566,66702,48776,72810
2021,12,17,62646,32016,17617,78971,88647,42979,38232
2021,12,18,32271,35885,12256,22567,54477,20084,2456
2021,12,19,51191,43148,68379,73642,24947,13907,39084
2021,12,20,35292,24429,57602,76910,57880,37359,18828
2021,12,21,40934,36135,41637,3579,84502,25606,22549
2021,12,22,73148,84936,47132,21770,20820,9388,54337
2021,12,23,91649,95823,43144,42839,38970,11522,62832
2021,12,24,80268,91780,38267,31912,16208,45868,38821
2021,12,25,90439,83227,27648,47724,35713,35637,11303
2021,12,26,20214,77594,50203,9713,62529,47335,1482
2021,12,27,99701,56722,92170,91349,68896,1665,539
2021,12,28,7865,79538,83370,4484,71317,21637,66395
2021,12,29,3876,33856,61568,10667,17082,5567,68390
2021,12,30,69146,91203,9692,89359,68796,9895,25423
2021,12,31,47677,73581,63257,47377,46654,21778,35077
2022,1,1,15549,23443,5615,39765,2980,5336,24248
2022,1,2,74297,43324,96995,94524,77180,8562,65190
2022,1,3,10613,64128,79932,79759,71683,5975,15469
2022,1,4,56830,82221,17244,4506,55801,30500,18234
2022,1,5,2454,52277,39662,18002,75719,45276,87766
2022,1,6,95051,66964,18366,85699,10287,15360,80222
2022,1,7,3818,73921,1764,30783,54400,31695,60541
2022,1,8,26082,4021,12361,82912,86242,29604,87417
2022,1,9,42042,26455,72003,60848,95084,11664,85201
2022,1,10,87154,73292,69319,82204,40255,37684,47902
2022,1,11,66893,19395,64476,87063,9667,16239,47845
2022,1,12,64066,64285,44737,90148,68305,23449,9411
2022,1,13,70898,3053,76827,29292,45859,15181,80139
2022,1,14,40942,76845,85339,28096,66488,21009,30299
2022,1,15,6742,58692,94553,89986,94438,9028,7048
2022,1,16,4104,41618,11244,84522,22254,22332,84669
2022,1,17,6910,45781,64079,77808,65185,7257,17099
2022,1,18,11043,38790,13589,51985,31986,15279,76432
2022,1,19,98473,86288,23082,21566,61331,17634,81551
2022,1,20,55769,76661,4951,76224,34630,32546,20745
2022,1,21,56883,4878,51765,63793,50658,32195,7952
2022,1,22,15842,5804,81402,43236,44593,11342,41572
2022,1,23,92930,26620,8003,91402,29259,31085,2967
2022,1,24,90590,48718,24517,62710,41731,45819,25285
2022,1,25,92712,78365,32382,49595,83242,498,79739
2022,1,26,50251,32693,4042,82444,54848,35443,55679
2022,1,27,15792,96784,37251,8721,39755,45253,40122
2022,1,28,69014,92689,29440,75955,57759,3956,55016
2022,1,29,15841,16127,26652,8552,94491,9033,84498
2022,1,30,94084,59531,20588,44334,8575,24629,26777
2022,1,31,79774,10071,52455,95565,23206,6057,64285
2022,2,1,62961,67662,20758,48326,60350,197,70632
2022,2,2,18108,20504,95647,33948,36630,22298,18852
2022,2,3,47472,97683,33349,41555,57213,3937,2240
2022,2,4,82139,78565,29016,61912,4988,47823,13828
2022,2,5,44545,3879,78112,23857,87892,15221,32182
2022,2,6,48242,65417,12813,82701,2272,24811,83001
2022,2,7,55254,47109,91852,2725,61143,41552,64280
2022,2,8,18355,95488,62871,16845,90405,41887,68756
2022,2,9,11744,6061,52583,56288,26291,47046,60145
2022,2,10,14183,78618,68678,78776,60386,31491,51476
2022,2,11,62657,22653,10828,17910,86113,19031,70635
2022,2,12,47255,76935,81266,81961,72422,44136,18805
2022,2,13,79178,52374,93912,90921,58434,12846,73561
2022,2,14,84725,26243,43705,98907,4860,12382,54034
2022,2,15,65245,10224,55509,44254,49229,32689,52163
2022,2,16,35341,18071,99149,82596,95005,30414,24556
2022,2,17,83779,40902,79713,79308,9627,39976,60229
2022,2,18,68061,52822,33789,69137,95416,43845,34395
2022,2,19,276,22578,78428,81872,49154,288,66125
2022,2,20,98382,49328,4640,33722,67399,3788,22669
2022,2,21,78755,84202,13577,62533,41455,43289,71841
2022,2,22,51081,99616,28421,35493,52437,28561,4629
2022,2,23,64205,72405,5375,80832,11334,154,22703
2022,2,24,60487,50442,5180,75220,16121,9819,55294
2022,2,25,83519,13606,57962,78626,14159,37890,51158
2022,2,26,55613,97530,99350,23046,97146,44122,68538
2022,2,27,65934,22682,79519,30138,11438,34893,80969
2022,2,28,39124,1399,90024,15962,51840,11555,11182
2022,3,1,67960,21373,16475,67831,34978,40788,86456
2022,3,2,65489,95030,3965,21101,92559,19667,80498
2022,3,3,89704,63788,19036,71990,2822,14906,62127
2022,3,4,30611,16150,29448,69734,17548,35823,5696
2022,3,5,69387,47377,93229,53699,68749,9703,27881
2022,3,6,20078,16842,84336,1918,11871,4652,39371
2022,3,7,4430,24318,99868,10485,4458,18903,78826
2022,3,8,23631,33808,17305,54241,49958,46752,53975
2022,3,9,83857,98926,26022,53244,46302,19250,43294
2022,3,10,31402,45304,61174,67831,78497,11861,59749
2022,3,11,90368,82864,9119,11149,7182,8986,77985
2022,3,12,27991,44241,36811,51621,94400,4115,72213
2022,3,13,60709,17218,62539,44566,16143,38560,44161
2022,3,14,78796,24161,37454,10197,69464,14979,64379
2022,3,15,64313,76839,64127,54680,59702,39597,22180
2022,3,16,83235,14935,36516,27577,75527,23326,25549
2022,3,17,69926,43792,17762,46987,61009,30300,47904
2022,3,18,93503,68860,22064,72298,9372,25869,58846
2022,3,19,95188,90847,93225,59500,84037,23703,531
2022,3,20,60090,79652,12710,59677,94586,15577,47253
2022,3,21,86464,38903,82802,56389,99046,563,69727
2022,3,22,60055,97214,27630,69909,82425,49693,38559
2022,3,23,91797,41913,57404,86984,49111,16980,66483
2022,3,24,33147,57035,93365,9589,53038,22426,9265
2022,3,25,63975,88002,72869,50438,26904,22022,56826
2022,3,26,42302,72584,42905,18708,69798,20534,38616
2022,3,27,68574,36579,47174,60370,78491,20930,83705
2022,3,28,43954,4261,26539,77100,61295,19903,13040
2022,3,29,14332,42328,72304,78306,30330,11525,15095
2022,3,30,73585,33546,51921,15886,6130,11177,54593
2022,3,31,92279,81710,23209,77204,34640,36734,47574
2022,4,1,29483,7663,1278,73436,11924,27817,76887
2022,4,2,89570,47719,69927,20254,90047,8582,14911
2022,4,3,36728,20106,60006,10312,53652,28278,76198
2022,4,4,76133,39454,77142,84763,37515,350,81966
2022,4,5,72155,3436,99539,17989,27450,17169,51424
2022,4,6,55725,61337,74662,45295,9055,44588,61900
2022,4,7,15453,3170,96810,52180,39627,23167,68844
2022,4,8,93278,1444,5041,85762,57249,32182,50524
2022,4,9,11116,98884,48842,99622,18671,14732,37610
2022,4,10,46120,98252,25385,1845,59588,46,33491
2022,4,11,68643,60986,61742,447,80507,8551,28979
2022,4,12,20133,48070,47822,29763,65865,19214,71876
2022,4,13,23114,51395,18752,34229,66630,17593,83850
2022,4,14,85300,48676,67811,47772,46928,43195,65968
2022,4,15,6515,9592,29458,91509,70577,41199,71956
2022,4,16,51083,66101,60934,87568,14170,25107,87330
2022,4,17,80035,94320,49205,19500,62066,34308,30080
2022,4,18,45048,51900,3929,46699,576,21739,34470
2022,4,19,63855,81285,60437,70369,90876,6246,1878
2022,4,20,61453,13796,70185,28887,96249,47470,36454
2022,4,21,26770,72576,50135,23156,83247,15692,52655
2022,4,22,45312,99999,12734,6711,68251,33014,43410
2022,4,23,68826,4752,47879,49032,2388,24668,89400
2022,4,24,93264,47265,81277,71068,77413,1461,9954
2022,4,25,73661,98930,16408,430,87857,16542,73586
2022,4,26,71103,82233,66240,32767,82232,45326,79477
2022,4,27,50482,28339,92886,35659,49443,7117,81042
2022,4,28,51830,98136,20441,61445,45400,18070,72512
2022,4,29,22812,85882,32466,12824,84812,15225,63254
2022,4,30,89020,31766,36839,60123,30351,19430,72889
2022,5,1,28934,14755,32365,95767,59446,41603,37777
2022,5,2,8888,15071,48818,77069,13206,19258,28514
2022,5,3,74957,87327,71025,14121,73209,19842,76944
2022,5,4,74372,85066,56549,63391,33184,9739,89865
2022,5,5,63534,29169,49105,92467,60275,31470,88233
2022,5,6,36072,39424,52361,44959,54494,1178,38380
2022,5,7,84051,86787,76893,59007,74114,14269,83127
2022,5,8,63674,84111,16423,54397,85528,22971,34139
2022,5,9,18711,82710,74004,82244,28230,23108,41062
2022,5,10,4856,20929,95646,40928,76704,48006,15886
2022,5,11,31197,49183,40617,15247,35970,17509,40606
2022,5,12,26435,98130,80084,6460,98592,46506,47208
2022,5,13,84119,85829,11346,2830,84890,1701,1425
2022,5,14,13119,41161,92487,17974,78441,38132,78901
2022,5,15,55145,52490,61139,2693,1672,1755,74292
2022,5,16,53993,35616,24897,96779,33745,21332,63238
2022,5,17,48688,34190,80445,32806,20018,8143,71987
2022,5,18,4907,9843,69764,34377,67355,12250,58702
2022,5,19,45796,66733,43955,940,19222,21445,79984
2022,5,20,37246,39551,54275,7590,75166,45523,4369
2022,5,21,25262,33207,7606,73949,67396,4403,63107
2022,5,22,3765,12545,91445,25023,38739,11208,9399
2022,5,23,6094,39809,44452,68241,6542,38406,55532
2022,5,24,42115,26202,5515,95712,65753,26142,23302
2022,5,25,57270,88016,7670,98884,21222,31627,79184
2022,5,26,4969,36029,12290,8733,64925,20087,43755
2022,5,27,20016,81294,9505,42461,21103,3957,87053
2022,5,28,43996,58714,12584,86110,1268,34450,88174
2022,5,29,67020,10591,1475,40641,14959,25496,9524
2022,5,30,52532,57122,28708,57501,9503,7349,52585
2022,5,31,90779,77435,16340,27146,58729,42196,69606
2022,6,1,96183,12504,13010,40178,71218,25593,82639
2022,6,2,88837,60043,40812,55856,86985,8638,36496
2022,6,3,1943,84133,52372,54475,57607,47431,28327
2022,6,4,83461,54779,10911,74239,48566,43602,37737
2022,6,5,23646,85798,3694,19828,98301,16704,16357
2022,6,6,85870,42296,18995,74706,2338,26159,46913
2022,6,7,5675,34796,59761,7617,35281,28484,58443
2022,6,8,9239,25914,23121,92699,97044,384,76937
2022,6,9,45609,93985,84673,85606,96134,38367,71785
2022,6,10,10787,5070,98141,13008,63717,33488,34066
2022,6,11,82407,9646,67330,88081,60793,27090,62049
2022,6,12,12425,55573,90492,21663,97838,29964,24361
2022,6,13,94882,80347,97650,56842,90684,48674,28800
2022,6,14,86817,3392,80584,97603,24813,45077,66963
2022,6,15,88530,28564,31028,70936,54561,48357,59016
2022,6,16,15353,41799,71064,27778,13723,27907,59440
2022,6,17,11561,24223,80153,6442,4569,27802,89635
2022,6,18,95252,76475,38434,98421,79867,35370,62375
2022,6,19,4679,30446,39337,9560,59009,36716,495
2022,6,20,13569,85073,55862,45273,43223,43278,79402
2022,6,21,56945,37536,55194,68505,61758,35346,1298
2022,6,22,66327,29499,87285,77930,22325,25718,16350
2022,6,23,2191,77439,88725,23222,7884,44413,12781
2022,6,24,66892,31129,29628,96812,32553,1841,18437
2022,6,25,75775,45118,47838,32719,82654,19383,7576
2022,6,26,44411,54728,25225,27089,84226,12509,71371
2022,6,27,22903,54579,97720,25093,32017,2796,4666
2022,6,28,39901,47209,13799,23144,78337,43426,36308
2022,6,29,10889,45266,11096,86663,6736,8933,35733
2022,6,30,89389,78316,69660,50151,49395,44885,73592
2022,7,1,49973,23745,14962,72875,78323,29033,4319
2022,7,2,26692,31829,78985,82944,79037,9135,2439
2022,7,3,57373,52560,58746,84613,14177,19841,27627
2022,7,4,37264,45126,39711,43004,39793,9371,53155
2022,7,5,89187,4255,3098,39159,27999,34411,28385
2022,7,6,22674,63443,42704,49365,95271,38040,38660
2022,7,7,90659,47174,71098,64383,16085,46196,88995
2022,7,8,46613,16036,52973,83877,77513,42684,6880
2022,7,9,17305,2054,36386,22844,22660,39483,18354
2022,7,10,67010,90245,6739,89683,53688,49442,15399
2022,7,11,65310,3833,4058,55969,51006,41508,60351
2022,7,12,83442,37703,85698,30054,70090,38670,73930
2022,7,13,47603,31353,40810,64907,49758,43547,24102
2022,7,14,72417,33030,82456,39427,39626,39194,75461
2022,7,15,93313,54987,17212,74975,58819,21269,50943
2022,7,16,26176,29128,67645,9617,66830,3342,46022
2022,7,17,36920,8364,69952,84522,56068,27113,45780
2022,7,18,5826,20659,69882,94594,70040,2337,80372
2022,7,19,9666,57882,95833,19330,12868,13044,64304
2022,7,20,88038,50664,41598,14213,79792,9243,20181
2022,7,21,62973,78936,96202,99892,87299,16153,20765
2022,7,22,43367,9617,66545,65544,30276,2778,50137
2022,7,23,16667,21466,10509,26332,79347,22693,22014
2022,7,24,92214,52088,72669,96603,19103,14267,815
2022,7,25,15246,23509,50995,78219,18796,47196,38110
2022,7,26,6095,29701,78875,65813,39317,11771,21356
2022,7,27,85944,14548,91492,18963,52365,18352,61646
2022,7,28,31711,41044,23659,40276,93131,46328,6878
2022,7,29,12234,10594,64044,27479,50454,31390,52049
2022,7,30,69249,94937,159,91695,24637,45385,57507
2022,7,31,80306,57155,88862,82601,88054,30354,1563
2022,8,1,40418,15057,63209,88480,56101,3219,45107
2022,8,2,49231,99546,98336,77816,26491,12379,61647
2022,8,3,76944,93768,43695,62545,88704,10205,14239
2022,8,4,29693,55589,11746,26350,29095,607,15302
2022,8,5,33500,97312,43217,73917,12369,6425,68748
2022,8,6,84821,9643,23854,50403,25541,38541,38219
2022,8,7,52031,919,66217,45327,11038,9911,87871
2022,8,8,16094,70116,78461,62138,42056,40206,18487
2022,8,9,71151,7165,30140,4650,20828,23356,4919
2022,8,10,33196,79780,90018,34368,5775,30224,44771
2022,8,11,47667,68764,12989,16049,86035,45557,41375
2022,8,12,97072,5467,85597,13165,91934,30410,55302
2022,8,13,50342,70615,80140,21492,94131,10280,62493
2022,8,14,14959,83635,53763,64506,79767,43781,48874
2022,8,15,1893,90356,99996,65911,59119,12984,51959
2022,8,16,45153,24892,59686,42225,30358,45282,61741
2022,8,17,38644,25691,63395,5337,12658,43534,56828
2022,8,18,23140,70165,85672,54450,53800,5787,45308
2022,8,19,49918,99567,50533,68162,6274,528,4072
2022,8,20,65392,79863,16030,26897,4754,25715,9121
2022,8,21,51463,37349,57213,90106,79391,20607,85442
2022,8,22,8400,80493,38621,31540,50657,40645,2341
2022,8,23,20808,96431,37648,70725,12349,38180,45238
2022,8,24,18622,38707,89309,365,18569,21691,47261
2022,8,25,23322,97405,12733,74785,51105,19946,41242
2022,8,26,30496,6904,93036,55247,87396,48008,73138
2022,8,27,54405,88652,5479,75212,1434,9478,32289
2022,8,28,30134,47658,17526,48755,2716,23187,75472
2022,8,29,37637,44877,92732,77310,42281,5465,52094
2022,8,30,9738,91762,49688,56585,15017,9075,21831
2022,8,31,2413,7082,31321,56817,12086,3151,48380
2022,9,1,13519,12628,10668,60005,60285,44546,28759
2022,9,2,79353,67732,90582,16989,12608,33314,14298
2022,9,3,71240,5130,62744,80977,96891,28783,63913
2022,9,4,28259,87857,82096,30671,11290,13416,83839
2022,9,5,23375,66566,68571,53246,79193,45590,33250
2022,9,6,55830,40135,38360,51534,7866,28942,88522
2022,9,7,36825,28607,79171,24417,33736,8266,61745
2022,9,8,46978,87048,75658,75236,91256,7753,12259
2022,9,9,2546,71168,42449,42272,54085,11019,15517
2022,9,10,49629,6609,25118,5458,63095,29830,76991
2022,9,11,87313,8771,41864,24137,53729,21035,58553
2022,9,12,87464,79300,70298,50793,82700,12307,42380
2022,9,13,73955,20059,64638,92852,7578,7087,75124
2022,9,14,61662,34457,46992,11290,57417,22110,13100
2022,9,15,20512,51939,6442,7824,77061,48306,61960
2022,9,16,30789,85692,96865,34604,81343,33514,81748
2022,9,17,64042,45820,44127,54349,82230,25117,57200
2022,9,18,89807,32203,98675,67820,83011,45667,75461
2022,9,19,40428,17776,44912,60939,86066,1354,8762
2022,9,20,63126,16011,17073,10266,1702,30289,41221
2022,9,21,99396,13802,62968,79790,75973,23446,74138
2022,9,22,74554,48562,97689,64360,80764,46364,18531
2022,9,23,80127,42030,60344,20554,76157,5255,61492
2022,9,24,62222,72960,66605,25347,88970,33677,71964
2022,9,25,7023,30318,13184,6419,60471,42503,56208
2022,9,26,36444,15948,36697,10997,64510,34385,61709
2022,9,27,61625,47100,56591,41751,89129,33286,42304
2022,9,28,65285,54893,60147,43858,27852,26751,29204
2022,9,29,33174,26780,37519,56548,57097,702,29318
2022,9,30,17567,59556,81877,70362,75504,18573,57711
2022,10,1,56365,69310,5771,17989,32761,12361,56092
2022,10,2,38242,11999,54747,19878,66891,14894,43736
2022,10,3,11094,57996,49291,60619,84775,36810,57167
2022,10,4,41871,53863,96484,75790,13419,28361,26151
2022,10,5,88922,13285,60213,45286,98946,15983,9626
2022,10,6,31707,44696,55717,69948,56694,10464,89825
2022,10,7,39936,41709,53560,51029,99704,2851,41648
2022,10,8,84479,89660,45166,42701,43522,41649,44842
2022,10,9,73292,36361,97345,62213,49646,7557,23850
2022,10,10,48591,39892,19828,96649,84587,41896,46596
2022,10,11,57632,18711,56421,97567,60419,26332,34947
2022,10,12,60123,29182,92946,60953,35193,38111,50005
2022,10,13,95067,96112,54847,68358,32472,2191,46923
2022,10,14,98469,26099,87124,63412,65990,6951,80060
2022,10,15,50576,98847,43008,24559,17557,49428,18477
2022,10,16,77976,25759,3424,54450,71293,46369,61754
2022,10,17,22837,50832,51758,34255,46943,22956,62613
2022,10,18,95766,91498,65887,10587,17597,3010,33998
2022,10,19,83586,59961,50409,50514,75159,43416,75072
2022,10,20,92715,9195,29901,87042,51306,33324,7843
2022,10,21,38950,46044,89596,61786,13227,7706,86041
2022,10,22,60169,97013,15005,72287,88511,30891,42873
2022,10,23,6107,50252,73222,6044,10212,23630,32909
2022,10,24,85370,17046,64333,94437,42592,44233,71478
2022,10,25,93897,27556,39321,32846,89951,45268,84632
2022,10,26,19530,19325,7024,79698,16338,22028,18336
2022,10,27,4848,19270,51208,27306,69521,24429,83349
2022,10,28,96085,64411,22610,97806,81456,36942,12242
2022,10,29,40399,81174,90072,34296,25081,29392,77141
2022,10,30,31383,91011,78124,50912,10336,1499,76962
2022,10,31,26673,39878,15297,47872,59147,16505,65177
2022,11,1,45020,7285,24877,41104,71695,47486,68909
2022,11,2,69502,34427,47503,9901,31952,37574,64196
2022,11,3,57032,83317,27688,88415,74327,22164,79326
2022,11,4,84662,23662,86287,27686,63540,1584,45557
2022,11,5,39038,84440,67085,409,8076,8314,41512
2022,11,6,79771,55799,96773,49272,6578,10627,45524
2022,11,7,38529,98200,19719,11913,97868,13759,40327
2022,11,8,72194,85922,56004,73208,25935,8643,37245
2022,11,9,89474,60226,92802,44864,61017,26238,15272
2022,11,10,69092,84551,3136,65214,56702,16260,14486
2022,11,11,79631,76886,90009,34511,91437,26080,26423
2022,11,12,89304,6190,63101,61497,92111,19105,21056
2022,11,13,34397,77747,68301,23871,54324,27454,75086
2022,11,14,31692,70043,30357,783,54594,49844,25997
2022,11,15,27647,66103,96834,7277,59340,3194,21787
2022,11,16,50776,45625,88210,40079,51814,1310,27928
2022,11,17,60276,86766,68983,94673,80864,3635,24895
2022,11,18,51539,47440,19980,83230,17483,16688,365
2022,11,19,88428,32884,82713,16074,98986,45898,29702
2022,11,20,58326,99091,81488,9101,61068,36049,55532
2022,11,21,12881,53711,83459,89509,40476,18793,4181
2022,11,22,37692,38780,19075,89230,2571,5406,8812
2022,11,23,36405,38445,89176,24832,71328,38240,87257
2022,11,24,86666,84137,96958,61343,99579,44798,36795
2022,11,25,60646,80846,52326,89879,50908,2136,79387
2022,11,26,7736,20929,63567,45427,76060,48993,61008
2022,11,27,78630,70750,39819,15035,9194,45346,76218
2022,11,28,96874,33585,29827,83539,34073,43136,24881
2022,11,29,33652,37933,31675,10649,35131,353,40527
2022,11,30,2390,52488,96265,10125,89768,9831,75551
2022,12,1,82179,75175,22911,77161,45924,12729,82195
2022,12,2,71470,24427,64764,84695,58011,44590,18233
2022,12,3,8436,54078,29465,58439,8362,27491,9087
2022,12,4,43492,94195,85966,45882,46683,32230,32358
2022,12,5,52802,58413,44261,34981,33587,17171,2141
2022,12,6,95863,29899,20687,83684,54325,1802,18378
2022,12,7,28688,12744,36610,53475,66821,32426,41913
2022,12,8,75182,76268,80999,35026,86815,33316,77259
2022,12,9,33497,65546,69616,2650,23958,13876,63982
2022,12,10,73896,81046,66122,86110,27297,3160,9793
2022,12,11,97973,4962,38170,43012,34057,41131,46486
2022,12,12,877,89908,8398,92410,66176,5749,23787
2022,12,13,52990,5416,41045,2838,70961,27013,71839
2022,12,14,11270,57240,75821,1518,54638,8294,77627
2022,12,15,81934,77806,57420,96258,99119,45589,29270
2022,12,16,33175,86720,52107,50403,76627,26857,12812
2022,12,17,59154,98957,86599,28495,4372,43995,87684
2022,12,18,91685,71007,69523,19306,28247,45343,823
2022,12,19,82884,19988,8450,81169,97793,32221,83778
2022,12,20,96911,94161,49399,30085,97232,1506,10487
2022,12,21,90211,94714,23299,49364,93670,26249,14211
2022,12,22,98041,70243,41894,6077,41250,11416,45383
2022,12,23,85848,73110,46205,85083,93098,21006,32603
2022,12,24,90890,69578,76380,87801,63739,25779,4237
2022,12,25,60970,43636,14724,51180,38349,4374,36896
2022,12,26,32018,96974,11106,46410,67216,2999,28839
2022,12,27,24817,80767,94221,27016,53876,6777,32098
2022,12,28,63325,27783,94700,54215,97360,37432,38367
2022,12,29,77450,13210,92603,54772,73197,23678,75951
2022,12,30,11545,78051,39198,59914,75024,303,82675
2022,12,31,58592,19654,91513,99760,16772,35733,76776
2023,1,1,86999,42510,38873,50324,86644,49925,10890
2023,1,2,355,53708,79256,77805,66917,38210,12576
2023,1,3,40113,11888,54878,68009,6290,10428,57922
2023,1,4,97666,77082,66948,72609,96735,8461,22368
2023,1,5,29858,60545,99143,16857,3054,4368,33532
2023,1,6,6049,20644,4421,6404,74351,28,60560
2023,1,7,57619,88237,49487,14083,16476,20716,62091
2023,1,8,22766,31143,26364,36783,8225,43311,69391
2023,1,9,21311,68123,81758,51169,28668,47253,54377
2023,1,10,48073,67972,67908,70474,88615,22328,26877
2023,1,11,62965,88707,93788,36935,76943,43274,41017
2023,1,12,9771,63989,33107,32536,11484,25822,5670
2023,1,13,19708,69132,95060,41018,53607,43169,88538
2023,1,14,98626,6773,92914,63050,74744,27173,83523
2023,1,15,63358,65852,10399,42674,54558,4186,89608
2023,1,16,47853,63811,30624,57623,44152,30082,86510
2023,1,17,55635,55903,92179,75342,41387,3590,42711
2023,1,18,94993,13110,57601,9970,19883,514,83019
2023,1,19,94626,27687,6542,74336,9890,33292,63361
2023,1,20,64448,53830,12969,12300,17640,9944,29922
2023,1,21,61791,40026,76431,33777,12280,18609,85470
2023,1,22,53666,88550,58181,65010,1659,32133,54979
2023,1,23,21541,82646,47998,32519,26684,20891,33206
2023,1,24,36574,4182,56566,17373,58011,35886,39672
2023,1,25,75651,45830,15945,53793,2207,42375,67570
2023,1,26,30838,77335,29391,84504,65884,3923,65865
2023,1,27,83894,36055,57196,5435,35053,21545,84305
2023,1,28,61736,92435,77510,14661,96616,34075,32033
2023,1,29,54627,19961,78056,30277,82142,44000,421
2023,1,30,700,2726,4342,31537,80060,33733,42392
2023,1,31,62295,37655,98257,46189,90062,5452,7975
2023,2,1,25114,76996,22279,3201,69430,16140,67862
2023,2,2,82397,50214,66246,37023,86526,44302,43651
2023,2,3,85019,54653,84072,85718,57379,4765,67255
2023,2,4,37438,38497,49646,16085,92504,47902,12273
2023,2,5,98917,19705,46599,24030,13052,35229,17230
2023,2,6,98833,1368,61443,81230,67933,27689,58252
2023,2,7,70811,88342,18255,55829,42994,2326,21547
2023,2,8,16724,23442,58801,70514,61939,24798,76598
2023,2,9,70794,72700,65222,69710,8756,11820,30091
2023,2,10,38160,97048,37320,36992,14767,48763,88221
2023,2,11,82699,42803,52825,53509,47496,21079,29338
2023,2,12,6841,89756,67236,23565,13197,42388,54078
2023,2,13,91487,67185,97027,78632,56236,12248,54693
2023,2,14,64992,90419,74783,3151,87466,28455,16494
2023,2,15,18584,43569,91067,1282,86371,43891,71143
2023,2,16,50218,31321,96832,57058,37428,14067,6974
2023,2,17,50624,6454,91051,58463,89990,38077,73446
2023,2,18,46226,66676,18139,27569,57094,9273,30719
2023,2,19,60911,37727,87212,79494,81295,28278,77128
2023,2,20,84017,38520,68270,34234,86192,15101,7644
2023,2,21,23619,45519,4617,90595,68324,45668,45409
2023,2,22,74665,96,18854,20890,83124,3344,18458
2023,2,23,56569,62617,95528,17480,343,49092,73325
2023,2,24,97990,77369,10452,98358,32241,45073,2592
2023,2,25,18432,76525,40235,58403,22043,11203,78997
2023,2,26,6718,56870,30757,81383,73318,49610,58624
2023,2,27,72793,2954,67082,29361,65570,12609,6840
2023,2,28,82264,61700,60165,96605,55421,36968,24963
2023,3,1,4013,82041,43906,38796,58565,492,17198
2023,3,2,96960,61694,62546,3677,34916,43302,21411
2023,3,3,24585,42912,20035,97377,62217,3468,46737
2023,3,4,44138,66076,89929,42753,44128,16445,69358
2023,3,5,15900,53412,50672,19912,51804,44577,58707
2023,3,6,10369,95068,72257,7328,73113,34802,87356
2023,3,7,8028,28104,45119,32612,87367,15153,86340
2023,3,8,65935,84972,73077,10072,51047,29357,22824
2023,3,9,11526,45801,92181,27425,15564,9204,67336
2023,3,10,67368,53780,22395,94088,65199,44651,37767
2023,3,11,38312,45804,61474,46339,90259,6592,85303
2023,3,12,93977,88096,41642,59911,73067,14718,59982
2023,3,13,40466,10426,39158,51991,56226,47690,19416
2023,3,14,88142,6894,43103,55509,60673,31849,55948
2023,3,15,25872,92851,83714,64183,38655,45187,76873
2023,3,16,45265,68131,22175,39242,56226,13817,69152
2023,3,17,45645,94886,85486,86110,5312,24643,74452
2023,3,18,77889,72332,50219,66030,79225,9674,47890
2023,3,19,56250,91522,3837,82121,725,37550,52655
2023,3,20,55731,49089,5879,995,17219,28054,56588
2023,3,21,89796,8222,72092,51792,19459,7577,74253
2023,3,22,41122,98571,8705,35363,87254,8923,81392
2023,3,23,82831,84948,39282,39080,92822,9470,87552
2023,3,24,93546,63372,16558,65628,12460,22436,72974
2023,3,25,46030,66841,39562,35825,91414,28005,23969
2023,3,26,10873,85581,58221,68346,503,16925,3708
2023,3,27,4108,42200,21452,86938,27147,27085,12369
2023,3,28,36320,36554,79920,29865,99925,46477,75492
2023,3,29,12384,35265,94818,74765,2105,34379,6942
2023,3,30,93519,62383,30910,20743,64315,39130,49088
2023,3,31,81169,72407,9148,85276,30958,30599,52214
2023,4,1,58104,7683,14582,10776,60588,10854,60640
2023,4,2,60513,23682,52484,89248,58946,47301,14013
2023,4,3,77403,98031,7306,87273,76765,38215,58015
2023,4,4,41079,43696,13454,38599,16102,38953,33874
2023,4,5,47059,69551,12439,21515,93585,43373,12290
2023,4,6,54173,54226,89281,31037,94259,8116,40284
2023,4,7,53205,5416,648,46959,19798,7953,74231
2023,4,8,96562,62519,42245,53992,6215,22050,82590
2023,4,9,22316,11003,16464,85727,96905,45254,53593
2023,4,10,6842,88626,55882,77366,42851,11514,4754
2023,4,11,37110,19630,61389,6666,41397,12037,3624
2023,4,12,61195,86341,87854,57756,48860,46450,88100
2023,4,13,71426,34851,20689,93741,62205,3504,75819
2023,4,14,75462,98758,19411,98655,87383,41644,26020
2023,4,15,46586,53158,773,47,72787,12161,3064
2023,4,16,14183,40549,76687,75377,43242,30892,59485
2023,4,17,92101,43693,93936,63526,94895,14624,63618
2023,4,18,73452,84480,85789,48913,83237,5199,7567
2023,4,19,86971,13195,39938,33556,66352,7062,69954
2023,4,20,39138,35574,73017,69672,92475,16055,61401
2023,4,21,35716,63298,27237,44168,23342,21172,84045
2023,4,22,18237,35795,97662,91688,20274,49802,26952
2023,4,23,19862,21353,20870,6833,34547,27159,26740
2023,4,24,898,34220,6694,56387,86145,29710,42410
2023,4,25,78619,62117,3810,14334,25414,31046,88501
2023,4,26,48756,52217,82545,83344,4364,46559,51383
2023,4,27,40989,12712,48334,77203,34064,35555,44035
2023,4,28,68610,62713,40774,85859,13284,13819,18597
2023,4,29,99428,59881,1007,94399,21997,4816,48732
2023,4,30,63762,52214,83585,28869,20782,32481,42212
2023,5,1,25145,95391,19946,82486,8103,18279,59688
2023,5,2,42166,70185,60074,27128,32897,17199,69338
2023,5,3,46180,81018,87935,61960,40898,5293,6358
2023,5,4,79246,26460,65089,59359,78673,15025,8228
2023,5,5,15807,63858,16791,40951,59248,36737,19788
2023,5,6,83702,21367,15827,25868,91552,25900,59347
2023,5,7,24448,93099,98684,86980,90468,2970,28939
2023,5,8,47717,24614,5296,43314,51074,36736,72672
2023,5,9,46098,68113,90899,61904,31970,24042,59207
2023,5,10,91217,60778,75346,74919,98496,41173,57138
2023,5,11,90047,67072,2836,30847,76522,17871,67826
2023,5,12,66989,20841,66764,31057,61806,38411,24370
2023,5,13,29231,91498,77042,75329,59610,34292,23584
2023,5,14,91579,24685,72790,82796,85462,48136,24066
2023,5,15,83958,55660,7555,90356,39083,10390,31202
2023,5,16,15605,28260,55379,98945,65452,22142,30002
2023,5,17,27258,26904,20723,56488,18402,14116,68168
2023,5,18,78011,98408,1752,85942,23092,40893,18737
2023,5,19,24906,55380,59154,25215,11039,16708,81922
2023,5,20,50122,93449,53124,82078,21708,8502,41022
2023,5,21,87160,46996,27375,30769,90251,14450,13608
2023,5,22,8652,78565,51776,3015,76972,19879,8956
2023,5,23,16416,77123,74044,57673,32503,33197,72887
2023,5,24,59893,16256,31160,26366,9704,34283,88443
2023,5,25,47763,9137,5817,51274,72484,49543,52042
2023,5,26,62734,13992,85650,87738,92557,3777,20752
2023,5,27,85880,23655,79707,18647,17129,20102,56319
2023,5,28,49631,19650,75557,25876,52257,6717,52241
2023,5,29,61960,7351,77036,26074,16487,32852,87348
2023,5,30,88970,48746,75741,68056,62738,27742,65793
2023,5,31,71646,31518,46544,57525,71524,42602,86172
2023,6,1,88653,12703,52490,54635,48704,44399,50510
2023,6,2,960,51115,32751,79271,58465,26138,65344
2023,6,3,91304,8989,99043,80273,57734,24784,58328
2023,6,4,36823,52525,20472,8468,84043,17015,65993
2023,6,5,71918,25968,58516,76922,55022,27357,41557
2023,6,6,3725,71755,12066,4684,22869,11168,60306
2023,6,7,97686,87305,5650,88989,12645,4692,9261
2023,6,8,86731,95827,33941,23553,48352,20764,88373
2023,6,9,48746,54131,30717,20663,80098,39232,7585
2023,6,10,51472,32940,45493,55196,4695,7558,26232
2023,6,11,43915,35078,76537,41600,38734,48538,50588
2023,6,12,67731,19582,16201,54461,15408,16493,44365
2023,6,13,63759,37256,59089,12504,91386,39805,49519
2023,6,14,87836,95388,63455,39307,28328,8947,20854
2023,6,15,33022,82856,87085,76936,17933,29974,4888
2023,6,16,73019,94863,65475,40749,14444,31675,61561
2023,6,17,29852,48167,5925,9962,1775,15014,88818
2023,6,18,93160,71170,88336,97347,66558,1790,66653
2023,6,19,11237,77088,47507,60610,59943,943,7545
2023,6,20,77876,30916,88784,50894,25779,4259,27994
2023,6,21,56574,52285,19554,2777,16804,41830,72739
2023,6,22,18578,23195,51556,28089,94365,6243,55436
2023,6,23,77274,24384,78440,4862,1471,25946,25471
2023,6,24,61413,93241,19367,55640,24156,8151,52885
2023,6,25,66286,62409,30878,39212,14693,16783,41988
2023,6,26,31496,8613,71078,66425,48159,22633,54514
2023,6,27,58875,95227,36301,52500,35962,14740,37361
2023,6,28,37432,57038,22831,15197,50278,42198,50836
2023,6,29,90785,50348,93721,73423,12756,40950,32634
2023,6,30,43800,7733,70973,91648,32697,42051,48072
2023,7,1,97207,81035,68937,56082,92614,5237,18581
2023,7,2,28575,36329,82294,66007,93366,5124,11203
2023,7,3,59995,47321,68390,50779,14020,12110,20553
2023,7,4,43127,19412,69538,86927,27144,40511,84926
2023,7,5,76192,98913,52997,73398,96299,21934,65831
2023,7,6,88912,43522,70764,17487,96202,3057,39845
2023,7,7,5919,74532,81047,65913,21853,15788,23044
2023,7,8,52224,44250,73596,95351,63661,9486,58629
2023,7,9,7156,16348,93554,83347,15260,12902,73096
2023,7,10,11558,1187,35279,470,61061,6042,74308
2023,7,11,57262,75450,34152,63181,49981,31550,89093
2023,7,12,88185,97337,78488,40409,41586,18436,32111
2023,7,13,5246,27921,50739,12401,44268,10644,32099
2023,7,14,75879,23545,1547,3788,24732,36825,60609
2023,7,15,85792,42866,54916,43053,18315,39067,82585
2023,7,16,68295,20616,51678,56480,34305,46517,23240
2023,7,17,75890,14952,65350,97488,59224,32440,86240
2023,7,18,3491,93083,54691,95721,16627,6237,89509
2023,7,19,57710,93061,20117,43501,35926,41385,72906
2023,7,20,70592,80451,25490,55238,17419,43519,18069
2023,7,21,68075,40036,41308,43964,71339,23009,57803
2023,7,22,30563,55448,84043,50405,48530,38733,86126
2023,7,23,81509,94969,61986,39218,4381,48454,32719
2023,7,24,56658,89838,85624,27249,86641,27465,42486
2023,7,25,20411,20984,26907,88485,77371,34566,38800
2023,7,26,48709,7575,6603,79271,63022,6997,39676
2023,7,27,27904,62081,92153,9412,73401,20490,38629
2023,7,28,77781,68943,47699,34438,75133,49674,88038
2023,7,29,61773,77139,76875,82183,14474,3781,17019
2023,7,30,91844,88347,35818,56904,95921,42420,16175
2023,7,31,75294,49416,82202,19549,27848,40706,78960
2023,8,1,1248,61195,93941,79028,46489,7991,29817
2023,8,2,21621,7665,7854,99745,1155,34729,48279
2023,8,3,15628,4861,85297,23823,93207,21115,60726
2023,8,4,5479,63534,33252,97125,29302,15453,86673
2023,8,5,57149,22510,61985,74749,83704,22277,13776
2023,8,6,30193,30267,83593,68165,37931,7798,57910
2023,8,7,39085,92526,66188,54712,97387,1485,14886
2023,8,8,6945,88951,75612,12424,52484,8863,45900
2023,8,9,98137,40668,42572,71638,63177,20908,56386
2023,8,10,63233,93184,16513,9777,23451,16457,57941
2023,8,11,61381,40607,62202,16818,33132,28390,37881
2023,8,12,46870,96226,82767,70167,85176,8378,8942
2023,8,13,54011,83592,24841,68500,24259,17412,26489
2023,8,14,3788,4672,19226,67020,97855,35738,43148
2023,8,15,21305,68547,71088,99038,9153,49642,75855
2023,8,16,58636,94383,3735,21858,90608,2853,42024
2023,8,17,92135,61230,90965,62497,61174,32157,20996
2023,8,18,1784,15920,87484,5571,20591,23061,88942
2023,8,19,18446,75151,82089,39750,43697,19529,85139
2023,8,20,69201,19170,70993,27836,13552,41080,16045
2023,8,21,20511,93932,74420,12645,71514,31736,55141
2023,8,22,32687,13892,22489,34470,29812,26324,26393
2023,8,23,50402,49385,45334,68847,24535,27423,74949
2023,8,24,84583,96951,96439,53783,32472,17432,37970
2023,8,25,46023,74863,64015,66533,68794,4786,85529
2023,8,26,56659,36522,70669,89345,50413,9509,20167
2023,8,27,80224,35833,96559,46978,85217,8244,82176
2023,8,28,26103,2018,73476,10685,15320,19915,40819
2023,8,29,47791,53698,78788,93813,28560,9154,16697
2023,8,30,97353,13940,72225,54012,50461,9246,9708
2023,8,31,17225,85106,16226,97449,20938,29136,80778
2023,9,1,22506,87380,92953,64960,89397,16429,85644
2023,9,2,21069,36343,56462,68859,6392,1602,59024
2023,9,3,34951,27107,55720,32303,41046,44297,52666
2023,9,4,7858,19894,78726,25083,4999,44951,18883
2023,9,5,42289,24087,99660,64794,27818,8964,16106
2023,9,6,33566,75392,21749,54634,28086,44563,19845
2023,9,7,34477,62516,18868,85779,89622,40939,68082
2023,9,8,30668,35235,37099,54877,71480,32176,29959
2023,9,9,76479,27127,35193,18767,67565,1204,39912
2023,9,10,11734,60168,46017,45299,51911,34118,6285
2023,9,11,96349,78680,56129,30825,57547,24996,86604
2023,9,12,47168,65934,51037,94187,17521,4487,9064
2023,9,13,89000,36663,45374,81830,80141,30567,60596
2023,9,14,64057,31770,16860,75790,8289,12876,7440
2023,9,15,60200,63345,53724,56548,58376,26204,3724
2023,9,16,15922,1199,36679,63090,83485,4067,67276
2023,9,17,17357,8554,22691,22708,61568,18065,14538
2023,9,18,58060,64983,5133,22116,96752,38344,14257
2023,9,19,21393,17572,51696,81592,80916,5420,34491
2023,9,20,39292,31623,58214,55213,49174,11245,84654
2023,9,21,49010,15311,8282,82718,40216,30972,45425
2023,9,22,18135,99036,9962,76194,64018,31447,14661
2023,9,23,77122,69790,28917,98514,87361,30613,26457
2023,9,24,68277,2384,50947,23920,50358,25512,79132
2023,9,25,15883,36756,30138,64892,52067,38419,27609
2023,9,26,8634,69390,53034,26769,84778,29347,29314
2023,9,27,48795,10793,33975,42268,80583,12891,27133
2023,9,28,67943,59855,53589,52571,78590,20887,6490
2023,9,29,28948,46399,55622,44830,83154,2111,46074
2023,9,30,51572,40529,73682,60206,26270,43067,43326
2023,10,1,11047,22414,22639,59842,33206,22965,28461
2023,10,2,30140,52208,75594,98083,12062,29182,40653
2023,10,3,90652,50069,27143,35951,12819,49116,10780
2023,10,4,12324,1226,6853,63896,58106,46887,70453
2023,10,5,84375,56305,60130,95422,78718,32768,21615
2023,10,6,28276,55733,90075,58415,7940,15668,82849
2023,10,7,36353,11202,23502,43356,77622,16996,59306
2023,10,8,90440,66111,60086,2763,83688,33290,73010
2023,10,9,41793,80176,39814,26167,52833,49943,67940
2023,10,10,47902,99063,9554,76177,71147,15981,20944
2023,10,11,95438,98000,23792,31790,9201,13645,1498
2023,10,12,3174,30640,70803,93613,13102,47240,42728
2023,10,13,13141,30530,12089,54933,27057,1903,57452
2023,10,14,79889,68197,51743,27791,67259,27649,40319
2023,10,15,54757,93629,87614,50194,91628,27758,88336
2023,10,16,17181,91402,89833,36706,38394,10635,60319
2023,10,17,67847,7875,59398,80988,54756,21486,12272
2023,10,18,81812,39740,66075,78053,7937,17818,25843
2023,10,19,91547,95466,42513,46304,89094,30127,6497
2023,10,20,97073,57884,11184,30605,65637,1016,47311
2023,10,21,20382,78003,13981,4581,85877,39730,55568
2023,10,22,56984,61215,54191,38795,17307,20266,63199
2023,10,23,25243,38083,55393,33141,33548,47906,9444
2023,10,24,38993,44384,92293,36065,18619,3476,53022
2023,10,25,607,20844,50332,20989,98846,30664,65569
2023,10,26,1074,70393,27488,58057,47959,48030,66851
2023,10,27,65265,18295,46402,90507,56377,1794,43648
2023,10,28,6276,99699,19443,45268,60434,28087,67685
2023,10,29,79052,47915,80706,79659,68758,47389,26999
2023,10,30,67603,44404,58919,68676,14796,2758,86732
2023,10,31,62754,787,39934,44371,19082,36335,4877
2023,11,1,91810,88129,74876,14438,4179,10671,49705
2023,11,2,64613,38757,73741,43664,86671,20798,89674
2023,11,3,71780,18186,56672,39382,62589,15590,24409
2023,11,4,93736,18347,67492,72842,35486,7426,17212
2023,11,5,54567,10112,68440,62728,14592,43316,57165
2023,11,6,18771,70338,53222,99735,25446,26962,69750
2023,11,7,28469,97760,99424,248,32297,22447,55982
2023,11,8,94886,88037,80390,4973,22735,47882,47814
2023,11,9,58220,71659,95025,29138,81770,13465,21866
2023,11,10,12714,23132,85382,31484,93469,38603,21218
2023,11,11,35266,65565,90967,63734,63324,6742,3982
2023,11,12,95620,79189,36315,6857,83577,33056,1830
2023,11,13,22663,97289,89643,80883,68947,1020,26372
2023,11,14,67069,64484,34589,79782,87615,19971,47617
2023,11,15,97435,58573,75186,32700,24137,32504,66434
2023,11,16,87460,89246,76767,99432,84786,13081,26288
2023,11,17,68362,46136,34469,7376,59777,40464,54610
2023,11,18,28723,41483,30982,12143,5966,15570,38276
2023,11,19,9932,85540,35892,7366,44113,11077,16417
2023,11,20,84601,9933,52850,88413,99178,45968,37844
2023,11,21,315,75400,10483,85028,37888,11304,62403
2023,11,22,97664,1767,97013,42738,43249,44346,74881
2023,11,23,65566,9915,79508,75497,11807,15400,69214
2023,11,24,72271,42828,55630,56871,52760,24832,71635
2023,11,25,68289,87151,65830,68603,62551,42665,83630
2023,11,26,16790,53968,62385,14453,55734,9397,37190
2023,11,27,15334,20094,28422,97251,46360,7930,39099
2023,11,28,58166,39681,88312,46788,82508,10293,30011
2023,11,29,51620,1476,81645,19908,88627,13827,64863
2023,11,30,67529,56491,74844,84318,10458,37228,35122
2023,12,1,82543,12976,72311,14228,33069,17085,71478
2023,12,2,79429,41366,576,53946,81046,5239,10734
2023,12,3,79905,65531,37096,31524,67007,35092,87784
2023,12,4,71985,98918,72646,39513,55408,13841,50182
2023,12,5,65865,1069,55303,64759,14044,43965,58986
2023,12,6,47113,61049,90463,26541,18766,7390,30486
2023,12,7,99811,12628,97571,79716,94511,34666,27591
2023,12,8,77869,69758,11726,49853,85027,723,85717
2023,12,9,40435,64564,62250,6299,65632,17552,31058
2023,12,10,79675,77868,66395,43139,38917,6858,29679
2023,12,11,74034,80599,66517,73845,93227,30439,39912
2023,12,12,4089,31457,97502,81957,1214,25580,8161
2023,12,13,86240,26302,53877,43026,90865,16126,5677
2023,12,14,56496,50029,53086,52523,27896,19480,45661
2023,12,15,83164,92689,81692,57198,73288,14560,7394
2023,12,16,82866,44998,17305,86954,76454,31158,58910
2023,12,17,94019,56737,17070,96611,83039,37298,39636
2023,12,18,73903,19775,21664,46751,86155,24749,55625
2023,12,19,14050,94229,27637,13566,86917,9328,30763
2023,12,20,60204,90239,34508,43069,51589,1812,26374
2023,12,21,44394,82969,15283,38413,39706,48704,61375
2023,12,22,39096,52353,7362,12998,72127,29026,66100
2023,12,23,58281,3774,91724,88683,14354,19361,38600
2023,12,24,1271,45040,5714,77826,51631,40221,87247
2023,12,25,3219,92032,83620,47612,91352,15255,72376
2023,12,26,31057,63958,70102,86504,16311,27464,89502
2023,12,27,4789,22841,91953,79422,42966,33677,84456
2023,12,28,57320,19389,3055,74942,80780,8768,72767
2023,12,29,32410,48988,6365,35628,57371,39985,29592
2023,12,30,48722,5239,1967,96131,85548,38421,2634
2023,12,31,1858,82236,98487,22999,5076,40440,52420
